       6.88      57.92      3.306     
       7.39     51.663      3.013      
        7.9     34.536      2.383      
       8.41     23.648      1.912      
       8.92      10.06      1.211      
       9.43      5.933      0.905      
      14.01     13.692      0.714       
      14.52     10.635      0.618      
      15.03      9.067      0.561      
      15.54      4.775      0.401      
      16.05      3.341      0.369      
      16.56       3.32      0.324      
      17.07      3.384       0.34      
      17.57      5.182      0.339      
      18.08      6.119      0.363      
      18.59      7.027      0.384      
       19.1      6.724      0.371      
      19.61      5.719      0.338      
      20.12      4.202      0.291     
      20.63       3.98      0.243      
      21.14       3.31      0.219     
      21.65      2.586      0.191      
      22.16      1.756      0.156      
      22.66      1.678      0.151      
      23.17      1.746      0.159      
      23.68      1.668      0.154      
      24.19      1.677      0.129      
       24.7      1.809      0.157      
      25.21      1.719      0.129      
      25.72       1.65      0.125       
      26.23      1.345      0.103      
      26.73       1.26      0.099      
      27.24      0.904      0.083      
      27.75      0.896      0.082       
      28.26      0.735      0.073      
      28.77      0.715      0.072      
      29.28      0.597      0.077     
      29.78      0.464      0.052       
      30.29      0.453      0.066     
       30.8      0.551      0.051      
      31.31      0.567      0.052       
      31.82      0.443       0.05      
      32.33      0.325      0.045      
      32.83      0.344      0.035     
      33.34      0.275      0.031      
      33.85      0.279      0.031       
      34.36      0.209      0.027      
      34.87      0.175      0.025      
      35.37      0.161      0.034      
      35.88      0.188      0.037      
      36.39      0.165      0.034      
       36.9      0.191      0.037      
       37.4      0.091      0.025       
      37.91      0.097      0.026      