6.88     875.89     12.856  
7.39    235.498      6.433  
7.9     716.13      10.853  
8.41   1622.14      15.835  
8.92   2359.578     18.549  
9.43   2713.698     19.352  
14.01   142.255      2.301  
14.52   202.088      2.695  
15.03   262.384      3.019  
15.54    293.92      3.144  
16.05   310.173      3.555  
16.56   273.796      2.942  
17.06   229.504      2.801  
17.57   168.734      1.933  
18.08   122.731      1.626  
18.59    84.73       1.333  
19.1     58.683      1.095  
19.61    46.797      0.966  
20.12    40.368      0.903  
20.63    39.624      0.766  
21.14    43.109      0.789  
21.65    44.915      0.797  
22.15    44.212      0.782  
22.66     42.61      0.759  
23.17    35.349      0.717  
23.68    28.731       0.64  
24.19    23.681      0.486  
24.7     18.464      0.503  
25.21    14.775      0.377  
25.71    12.014      0.337  
26.22     9.961       0.28  
26.73     8.634      0.258  
27.24     8.516      0.254  
27.75     8.246      0.248  
28.26     8.103      0.244  
28.77     7.697      0.236  
29.27     6.847      0.261  
29.78     5.826      0.185  
30.29     4.728      0.214  
30.8      3.993      0.138  
31.31     3.391      0.126  
31.82     2.654      0.121  
32.32     1.924      0.109  
32.83     1.635      0.077  
33.34     1.706      0.078  
33.85     1.497      0.073  
34.36     1.446      0.071  
34.86     1.287      0.067  
35.37     1.188      0.093  
35.88     1.137      0.091  
36.39     1.059      0.087  
36.89     0.834      0.077  
37.4      0.748      0.072  
37.91     0.553      0.062  