#1801 angles,  1 tensor ranks for 0=projectile
@subtitle   "2H + 116Sn Coupled Channel Elab=183 MeV"                                       
@legend ON
@legend x1 0.2
@legend y1 0.8
@g0 type LOGY
@yaxis ticklabel format power
@xaxis label "Scattering angle (degrees)"
@yaxis label "Cross section (mb/sr)"
@legend string   0 "Partition=  1 Excit=  1 near/far= 1"
#legend string   0 "Lab energy =  183.0000"
@s0 linestyle   1
#  Theta       sigma       iT11        T20         T21         T22         Kyy for projectile
  0.1000E-01   1.000    
  0.1000       1.001    
  0.2000       1.009    
  0.3000       1.015    
  0.4000       1.014    
  0.5000       1.004    
  0.6000      0.9830    
  0.7000      0.9537    
  0.8000      0.9175    
  0.9000      0.8763    
   1.000      0.8322    
   1.100      0.7871    
   1.200      0.7430    
   1.300      0.7013    
   1.400      0.6634    
   1.500      0.6304    
   1.600      0.6033    
   1.700      0.5827    
   1.800      0.5688    
   1.900      0.5619    
   2.000      0.5620    
   2.100      0.5687    
   2.200      0.5816    
   2.300      0.6001    
   2.400      0.6236    
   2.500      0.6510    
   2.600      0.6816    
   2.700      0.7144    
   2.800      0.7482    
   2.900      0.7821    
   3.000      0.8149    
   3.100      0.8458    
   3.200      0.8736    
   3.300      0.8976    
   3.400      0.9169    
   3.500      0.9308    
   3.600      0.9387    
   3.700      0.9402    
   3.800      0.9349    
   3.900      0.9227    
   4.000      0.9036    
   4.100      0.8777    
   4.200      0.8452    
   4.300      0.8067    
   4.400      0.7626    
   4.500      0.7136    
   4.600      0.6605    
   4.700      0.6042    
   4.800      0.5457    
   4.900      0.4860    
   5.000      0.4262    
   5.100      0.3673    
   5.200      0.3105    
   5.300      0.2568    
   5.400      0.2073    
   5.500      0.1629    
   5.600      0.1246    
   5.700      0.9307E-01
   5.800      0.6912E-01
   5.900      0.5328E-01
   6.000      0.4597E-01
   6.100      0.4749E-01
   6.200      0.5796E-01
   6.300      0.7736E-01
   6.400      0.1055    
   6.500      0.1421    
   6.600      0.1867    
   6.700      0.2386    
   6.800      0.2970    
   6.900      0.3612    
   7.000      0.4301    
   7.100      0.5027    
   7.200      0.5778    
   7.300      0.6543    
   7.400      0.7310    
   7.500      0.8066    
   7.600      0.8799    
   7.700      0.9498    
   7.800       1.015    
   7.900       1.075    
   8.000       1.128    
   8.100       1.174    
   8.200       1.211    
   8.300       1.240    
   8.400       1.260    
   8.500       1.270    
   8.600       1.270    
   8.700       1.261    
   8.800       1.242    
   8.900       1.214    
   9.000       1.177    
   9.100       1.133    
   9.200       1.081    
   9.300       1.022    
   9.400      0.9578    
   9.500      0.8892    
   9.600      0.8173    
   9.700      0.7432    
   9.800      0.6682    
   9.900      0.5934    
   10.00      0.5202    
   10.10      0.4496    
   10.20      0.3828    
   10.30      0.3209    
   10.40      0.2650    
   10.50      0.2159    
   10.60      0.1744    
   10.70      0.1413    
   10.80      0.1170    
   10.90      0.1019    
   11.00      0.9642E-01
   11.10      0.1006    
   11.20      0.1143    
   11.30      0.1376    
   11.40      0.1699    
   11.50      0.2110    
   11.60      0.2601    
   11.70      0.3167    
   11.80      0.3798    
   11.90      0.4486    
   12.00      0.5222    
   12.10      0.5995    
   12.20      0.6793    
   12.30      0.7607    
   12.40      0.8423    
   12.50      0.9233    
   12.60       1.002    
   12.70       1.078    
   12.80       1.151    
   12.90       1.218    
   13.00       1.280    
   13.10       1.335    
   13.20       1.382    
   13.30       1.423    
   13.40       1.455    
   13.50       1.478    
   13.60       1.493    
   13.70       1.499    
   13.80       1.496    
   13.90       1.485    
   14.00       1.465    
   14.10       1.438    
   14.20       1.403    
   14.30       1.362    
   14.40       1.314    
   14.50       1.261    
   14.60       1.204    
   14.70       1.143    
   14.80       1.080    
   14.90       1.015    
   15.00      0.9484    
   15.10      0.8824    
   15.20      0.8173    
   15.30      0.7541    
   15.40      0.6936    
   15.50      0.6365    
   15.60      0.5836    
   15.70      0.5354    
   15.80      0.4927    
   15.90      0.4557    
   16.00      0.4249    
   16.10      0.4006    
   16.20      0.3830    
   16.30      0.3721    
   16.40      0.3679    
   16.50      0.3704    
   16.60      0.3793    
   16.70      0.3943    
   16.80      0.4152    
   16.90      0.4414    
   17.00      0.4725    
   17.10      0.5079    
   17.20      0.5470    
   17.30      0.5891    
   17.40      0.6337    
   17.50      0.6800    
   17.60      0.7273    
   17.70      0.7749    
   17.80      0.8221    
   17.90      0.8683    
   18.00      0.9129    
   18.10      0.9551    
   18.20      0.9946    
   18.30       1.031    
   18.40       1.063    
   18.50       1.091    
   18.60       1.115    
   18.70       1.134    
   18.80       1.148    
   18.90       1.157    
   19.00       1.160    
   19.10       1.159    
   19.20       1.153    
   19.30       1.142    
   19.40       1.126    
   19.50       1.106    
   19.60       1.082    
   19.70       1.054    
   19.80       1.023    
   19.90      0.9891    
   20.00      0.9527    
   20.10      0.9144    
   20.20      0.8746    
   20.30      0.8339    
   20.40      0.7927    
   20.50      0.7515    
   20.60      0.7109    
   20.70      0.6711    
   20.80      0.6327    
   20.90      0.5961    
   21.00      0.5615    
   21.10      0.5294    
   21.20      0.5000    
   21.30      0.4735    
   21.40      0.4501    
   21.50      0.4300    
   21.60      0.4132    
   21.70      0.3998    
   21.80      0.3899    
   21.90      0.3833    
   22.00      0.3799    
   22.10      0.3797    
   22.20      0.3825    
   22.30      0.3881    
   22.40      0.3963    
   22.50      0.4067    
   22.60      0.4192    
   22.70      0.4335    
   22.80      0.4491    
   22.90      0.4659    
   23.00      0.4835    
   23.10      0.5015    
   23.20      0.5198    
   23.30      0.5378    
   23.40      0.5555    
   23.50      0.5724    
   23.60      0.5883    
   23.70      0.6030    
   23.80      0.6163    
   23.90      0.6279    
   24.00      0.6377    
   24.10      0.6456    
   24.20      0.6515    
   24.30      0.6553    
   24.40      0.6569    
   24.50      0.6563    
   24.60      0.6535    
   24.70      0.6487    
   24.80      0.6417    
   24.90      0.6328    
   25.00      0.6221    
   25.10      0.6096    
   25.20      0.5956    
   25.30      0.5801    
   25.40      0.5634    
   25.50      0.5457    
   25.60      0.5272    
   25.70      0.5079    
   25.80      0.4883    
   25.90      0.4684    
   26.00      0.4484    
   26.10      0.4286    
   26.20      0.4091    
   26.30      0.3902    
   26.40      0.3718    
   26.50      0.3543    
   26.60      0.3378    
   26.70      0.3222    
   26.80      0.3079    
   26.90      0.2948    
   27.00      0.2829    
   27.10      0.2725    
   27.20      0.2634    
   27.30      0.2557    
   27.40      0.2493    
   27.50      0.2443    
   27.60      0.2407    
   27.70      0.2382    
   27.80      0.2370    
   27.90      0.2369    
   28.00      0.2378    
   28.10      0.2396    
   28.20      0.2422    
   28.30      0.2455    
   28.40      0.2494    
   28.50      0.2538    
   28.60      0.2585    
   28.70      0.2635    
   28.80      0.2685    
   28.90      0.2735    
   29.00      0.2785    
   29.10      0.2832    
   29.20      0.2875    
   29.30      0.2915    
   29.40      0.2950    
   29.50      0.2980    
   29.60      0.3003    
   29.70      0.3020    
   29.80      0.3029    
   29.90      0.3032    
   30.00      0.3027    
   30.10      0.3014    
   30.20      0.2994    
   30.30      0.2966    
   30.40      0.2931    
   30.50      0.2890    
   30.60      0.2842    
   30.70      0.2787    
   30.80      0.2728    
   30.90      0.2663    
   31.00      0.2594    
   31.10      0.2521    
   31.20      0.2445    
   31.30      0.2367    
   31.40      0.2287    
   31.50      0.2206    
   31.60      0.2124    
   31.70      0.2043    
   31.80      0.1963    
   31.90      0.1885    
   32.00      0.1809    
   32.10      0.1735    
   32.20      0.1665    
   32.30      0.1598    
   32.40      0.1535    
   32.50      0.1476    
   32.60      0.1422    
   32.70      0.1372    
   32.80      0.1327    
   32.90      0.1287    
   33.00      0.1252    
   33.10      0.1222    
   33.20      0.1196    
   33.30      0.1175    
   33.40      0.1158    
   33.50      0.1145    
   33.60      0.1136    
   33.70      0.1131    
   33.80      0.1129    
   33.90      0.1129    
   34.00      0.1133    
   34.10      0.1138    
   34.20      0.1144    
   34.30      0.1153    
   34.40      0.1162    
   34.50      0.1171    
   34.60      0.1181    
   34.70      0.1190    
   34.80      0.1199    
   34.90      0.1207    
   35.00      0.1214    
   35.10      0.1220    
   35.20      0.1223    
   35.30      0.1226    
   35.40      0.1226    
   35.50      0.1224    
   35.60      0.1220    
   35.70      0.1214    
   35.80      0.1205    
   35.90      0.1194    
   36.00      0.1181    
   36.10      0.1166    
   36.20      0.1148    
   36.30      0.1129    
   36.40      0.1108    
   36.50      0.1085    
   36.60      0.1061    
   36.70      0.1035    
   36.80      0.1008    
   36.90      0.9804E-01
   37.00      0.9519E-01
   37.10      0.9229E-01
   37.20      0.8936E-01
   37.30      0.8642E-01
   37.40      0.8348E-01
   37.50      0.8058E-01
   37.60      0.7773E-01
   37.70      0.7494E-01
   37.80      0.7223E-01
   37.90      0.6962E-01
   38.00      0.6711E-01
   38.10      0.6473E-01
   38.20      0.6248E-01
   38.30      0.6037E-01
   38.40      0.5840E-01
   38.50      0.5658E-01
   38.60      0.5492E-01
   38.70      0.5340E-01
   38.80      0.5204E-01
   38.90      0.5083E-01
   39.00      0.4977E-01
   39.10      0.4884E-01
   39.20      0.4805E-01
   39.30      0.4739E-01
   39.40      0.4685E-01
   39.50      0.4641E-01
   39.60      0.4607E-01
   39.70      0.4582E-01
   39.80      0.4565E-01
   39.90      0.4554E-01
   40.00      0.4548E-01
   40.10      0.4547E-01
   40.20      0.4549E-01
   40.30      0.4552E-01
   40.40      0.4557E-01
   40.50      0.4561E-01
   40.60      0.4564E-01
   40.70      0.4565E-01
   40.80      0.4564E-01
   40.90      0.4558E-01
   41.00      0.4549E-01
   41.10      0.4535E-01
   41.20      0.4515E-01
   41.30      0.4490E-01
   41.40      0.4459E-01
   41.50      0.4422E-01
   41.60      0.4379E-01
   41.70      0.4330E-01
   41.80      0.4275E-01
   41.90      0.4214E-01
   42.00      0.4148E-01
   42.10      0.4076E-01
   42.20      0.3999E-01
   42.30      0.3918E-01
   42.40      0.3832E-01
   42.50      0.3743E-01
   42.60      0.3651E-01
   42.70      0.3557E-01
   42.80      0.3461E-01
   42.90      0.3363E-01
   43.00      0.3265E-01
   43.10      0.3167E-01
   43.20      0.3069E-01
   43.30      0.2972E-01
   43.40      0.2877E-01
   43.50      0.2784E-01
   43.60      0.2693E-01
   43.70      0.2605E-01
   43.80      0.2520E-01
   43.90      0.2439E-01
   44.00      0.2362E-01
   44.10      0.2288E-01
   44.20      0.2219E-01
   44.30      0.2154E-01
   44.40      0.2094E-01
   44.50      0.2038E-01
   44.60      0.1987E-01
   44.70      0.1940E-01
   44.80      0.1898E-01
   44.90      0.1859E-01
   45.00      0.1825E-01
   45.10      0.1794E-01
   45.20      0.1767E-01
   45.30      0.1744E-01
   45.40      0.1723E-01
   45.50      0.1705E-01
   45.60      0.1690E-01
   45.70      0.1677E-01
   45.80      0.1665E-01
   45.90      0.1655E-01
   46.00      0.1647E-01
   46.10      0.1639E-01
   46.20      0.1632E-01
   46.30      0.1625E-01
   46.40      0.1618E-01
   46.50      0.1611E-01
   46.60      0.1603E-01
   46.70      0.1595E-01
   46.80      0.1586E-01
   46.90      0.1576E-01
   47.00      0.1565E-01
   47.10      0.1552E-01
   47.20      0.1538E-01
   47.30      0.1523E-01
   47.40      0.1506E-01
   47.50      0.1488E-01
   47.60      0.1468E-01
   47.70      0.1446E-01
   47.80      0.1424E-01
   47.90      0.1400E-01
   48.00      0.1374E-01
   48.10      0.1348E-01
   48.20      0.1320E-01
   48.30      0.1291E-01
   48.40      0.1262E-01
   48.50      0.1232E-01
   48.60      0.1202E-01
   48.70      0.1171E-01
   48.80      0.1140E-01
   48.90      0.1109E-01
   49.00      0.1077E-01
   49.10      0.1047E-01
   49.20      0.1016E-01
   49.30      0.9864E-02
   49.40      0.9571E-02
   49.50      0.9286E-02
   49.60      0.9009E-02
   49.70      0.8742E-02
   49.80      0.8485E-02
   49.90      0.8238E-02
   50.00      0.8004E-02
   50.10      0.7781E-02
   50.20      0.7571E-02
   50.30      0.7373E-02
   50.40      0.7188E-02
   50.50      0.7015E-02
   50.60      0.6854E-02
   50.70      0.6706E-02
   50.80      0.6569E-02
   50.90      0.6443E-02
   51.00      0.6328E-02
   51.10      0.6223E-02
   51.20      0.6128E-02
   51.30      0.6041E-02
   51.40      0.5962E-02
   51.50      0.5890E-02
   51.60      0.5824E-02
   51.70      0.5764E-02
   51.80      0.5708E-02
   51.90      0.5656E-02
   52.00      0.5607E-02
   52.10      0.5561E-02
   52.20      0.5515E-02
   52.30      0.5471E-02
   52.40      0.5426E-02
   52.50      0.5381E-02
   52.60      0.5335E-02
   52.70      0.5287E-02
   52.80      0.5237E-02
   52.90      0.5185E-02
   53.00      0.5130E-02
   53.10      0.5072E-02
   53.20      0.5011E-02
   53.30      0.4946E-02
   53.40      0.4878E-02
   53.50      0.4807E-02
   53.60      0.4732E-02
   53.70      0.4654E-02
   53.80      0.4573E-02
   53.90      0.4489E-02
   54.00      0.4403E-02
   54.10      0.4314E-02
   54.20      0.4223E-02
   54.30      0.4131E-02
   54.40      0.4037E-02
   54.50      0.3942E-02
   54.60      0.3846E-02
   54.70      0.3751E-02
   54.80      0.3655E-02
   54.90      0.3560E-02
   55.00      0.3465E-02
   55.10      0.3372E-02
   55.20      0.3281E-02
   55.30      0.3191E-02
   55.40      0.3103E-02
   55.50      0.3018E-02
   55.60      0.2936E-02
   55.70      0.2856E-02
   55.80      0.2779E-02
   55.90      0.2706E-02
   56.00      0.2635E-02
   56.10      0.2568E-02
   56.20      0.2505E-02
   56.30      0.2445E-02
   56.40      0.2388E-02
   56.50      0.2334E-02
   56.60      0.2284E-02
   56.70      0.2238E-02
   56.80      0.2194E-02
   56.90      0.2153E-02
   57.00      0.2115E-02
   57.10      0.2079E-02
   57.20      0.2046E-02
   57.30      0.2016E-02
   57.40      0.1987E-02
   57.50      0.1960E-02
   57.60      0.1935E-02
   57.70      0.1911E-02
   57.80      0.1888E-02
   57.90      0.1866E-02
   58.00      0.1845E-02
   58.10      0.1825E-02
   58.20      0.1805E-02
   58.30      0.1785E-02
   58.40      0.1765E-02
   58.50      0.1746E-02
   58.60      0.1725E-02
   58.70      0.1705E-02
   58.80      0.1684E-02
   58.90      0.1663E-02
   59.00      0.1641E-02
   59.10      0.1618E-02
   59.20      0.1595E-02
   59.30      0.1571E-02
   59.40      0.1546E-02
   59.50      0.1521E-02
   59.60      0.1494E-02
   59.70      0.1468E-02
   59.80      0.1440E-02
   59.90      0.1412E-02
   60.00      0.1384E-02
   60.10      0.1355E-02
   60.20      0.1326E-02
   60.30      0.1297E-02
   60.40      0.1267E-02
   60.50      0.1237E-02
   60.60      0.1208E-02
   60.70      0.1178E-02
   60.80      0.1149E-02
   60.90      0.1120E-02
   61.00      0.1092E-02
   61.10      0.1064E-02
   61.20      0.1037E-02
   61.30      0.1010E-02
   61.40      0.9840E-03
   61.50      0.9587E-03
   61.60      0.9343E-03
   61.70      0.9107E-03
   61.80      0.8881E-03
   61.90      0.8663E-03
   62.00      0.8456E-03
   62.10      0.8257E-03
   62.20      0.8069E-03
   62.30      0.7889E-03
   62.40      0.7720E-03
   62.50      0.7559E-03
   62.60      0.7408E-03
   62.70      0.7265E-03
   62.80      0.7130E-03
   62.90      0.7003E-03
   63.00      0.6884E-03
   63.10      0.6771E-03
   63.20      0.6665E-03
   63.30      0.6564E-03
   63.40      0.6469E-03
   63.50      0.6378E-03
   63.60      0.6291E-03
   63.70      0.6207E-03
   63.80      0.6126E-03
   63.90      0.6048E-03
   64.00      0.5971E-03
   64.10      0.5896E-03
   64.20      0.5821E-03
   64.30      0.5747E-03
   64.40      0.5673E-03
   64.50      0.5598E-03
   64.60      0.5522E-03
   64.70      0.5446E-03
   64.80      0.5368E-03
   64.90      0.5289E-03
   65.00      0.5208E-03
   65.10      0.5126E-03
   65.20      0.5041E-03
   65.30      0.4955E-03
   65.40      0.4868E-03
   65.50      0.4779E-03
   65.60      0.4688E-03
   65.70      0.4596E-03
   65.80      0.4503E-03
   65.90      0.4408E-03
   66.00      0.4313E-03
   66.10      0.4218E-03
   66.20      0.4122E-03
   66.30      0.4026E-03
   66.40      0.3931E-03
   66.50      0.3836E-03
   66.60      0.3742E-03
   66.70      0.3649E-03
   66.80      0.3557E-03
   66.90      0.3467E-03
   67.00      0.3378E-03
   67.10      0.3292E-03
   67.20      0.3208E-03
   67.30      0.3127E-03
   67.40      0.3048E-03
   67.50      0.2971E-03
   67.60      0.2898E-03
   67.70      0.2828E-03
   67.80      0.2761E-03
   67.90      0.2696E-03
   68.00      0.2635E-03
   68.10      0.2577E-03
   68.20      0.2522E-03
   68.30      0.2470E-03
   68.40      0.2421E-03
   68.50      0.2375E-03
   68.60      0.2331E-03
   68.70      0.2290E-03
   68.80      0.2252E-03
   68.90      0.2216E-03
   69.00      0.2182E-03
   69.10      0.2149E-03
   69.20      0.2119E-03
   69.30      0.2090E-03
   69.40      0.2062E-03
   69.50      0.2036E-03
   69.60      0.2011E-03
   69.70      0.1986E-03
   69.80      0.1962E-03
   69.90      0.1938E-03
   70.00      0.1914E-03
   70.10      0.1891E-03
   70.20      0.1868E-03
   70.30      0.1844E-03
   70.40      0.1820E-03
   70.50      0.1796E-03
   70.60      0.1771E-03
   70.70      0.1745E-03
   70.80      0.1719E-03
   70.90      0.1692E-03
   71.00      0.1665E-03
   71.10      0.1637E-03
   71.20      0.1608E-03
   71.30      0.1578E-03
   71.40      0.1548E-03
   71.50      0.1517E-03
   71.60      0.1485E-03
   71.70      0.1453E-03
   71.80      0.1421E-03
   71.90      0.1388E-03
   72.00      0.1355E-03
   72.10      0.1322E-03
   72.20      0.1289E-03
   72.30      0.1256E-03
   72.40      0.1223E-03
   72.50      0.1190E-03
   72.60      0.1158E-03
   72.70      0.1126E-03
   72.80      0.1094E-03
   72.90      0.1064E-03
   73.00      0.1034E-03
   73.10      0.1005E-03
   73.20      0.9768E-04
   73.30      0.9496E-04
   73.40      0.9236E-04
   73.50      0.8986E-04
   73.60      0.8748E-04
   73.70      0.8521E-04
   73.80      0.8306E-04
   73.90      0.8104E-04
   74.00      0.7913E-04
   74.10      0.7735E-04
   74.20      0.7569E-04
   74.30      0.7414E-04
   74.40      0.7271E-04
   74.50      0.7138E-04
   74.60      0.7016E-04
   74.70      0.6904E-04
   74.80      0.6801E-04
   74.90      0.6707E-04
   75.00      0.6621E-04
   75.10      0.6542E-04
   75.20      0.6469E-04
   75.30      0.6402E-04
   75.40      0.6339E-04
   75.50      0.6281E-04
   75.60      0.6226E-04
   75.70      0.6173E-04
   75.80      0.6121E-04
   75.90      0.6071E-04
   76.00      0.6020E-04
   76.10      0.5969E-04
   76.20      0.5917E-04
   76.30      0.5863E-04
   76.40      0.5807E-04
   76.50      0.5748E-04
   76.60      0.5685E-04
   76.70      0.5620E-04
   76.80      0.5550E-04
   76.90      0.5476E-04
   77.00      0.5398E-04
   77.10      0.5316E-04
   77.20      0.5230E-04
   77.30      0.5139E-04
   77.40      0.5044E-04
   77.50      0.4945E-04
   77.60      0.4843E-04
   77.70      0.4737E-04
   77.80      0.4628E-04
   77.90      0.4516E-04
   78.00      0.4401E-04
   78.10      0.4285E-04
   78.20      0.4167E-04
   78.30      0.4047E-04
   78.40      0.3928E-04
   78.50      0.3808E-04
   78.60      0.3688E-04
   78.70      0.3569E-04
   78.80      0.3452E-04
   78.90      0.3336E-04
   79.00      0.3223E-04
   79.10      0.3112E-04
   79.20      0.3004E-04
   79.30      0.2900E-04
   79.40      0.2800E-04
   79.50      0.2704E-04
   79.60      0.2612E-04
   79.70      0.2525E-04
   79.80      0.2443E-04
   79.90      0.2366E-04
   80.00      0.2294E-04
   80.10      0.2227E-04
   80.20      0.2165E-04
   80.30      0.2109E-04
   80.40      0.2058E-04
   80.50      0.2012E-04
   80.60      0.1971E-04
   80.70      0.1935E-04
   80.80      0.1904E-04
   80.90      0.1877E-04
   81.00      0.1854E-04
   81.10      0.1834E-04
   81.20      0.1819E-04
   81.30      0.1806E-04
   81.40      0.1796E-04
   81.50      0.1789E-04
   81.60      0.1784E-04
   81.70      0.1781E-04
   81.80      0.1778E-04
   81.90      0.1778E-04
   82.00      0.1777E-04
   82.10      0.1777E-04
   82.20      0.1777E-04
   82.30      0.1777E-04
   82.40      0.1775E-04
   82.50      0.1773E-04
   82.60      0.1770E-04
   82.70      0.1765E-04
   82.80      0.1759E-04
   82.90      0.1751E-04
   83.00      0.1740E-04
   83.10      0.1728E-04
   83.20      0.1713E-04
   83.30      0.1696E-04
   83.40      0.1676E-04
   83.50      0.1654E-04
   83.60      0.1630E-04
   83.70      0.1603E-04
   83.80      0.1574E-04
   83.90      0.1542E-04
   84.00      0.1509E-04
   84.10      0.1474E-04
   84.20      0.1436E-04
   84.30      0.1397E-04
   84.40      0.1357E-04
   84.50      0.1315E-04
   84.60      0.1273E-04
   84.70      0.1229E-04
   84.80      0.1185E-04
   84.90      0.1141E-04
   85.00      0.1096E-04
   85.10      0.1051E-04
   85.20      0.1007E-04
   85.30      0.9634E-05
   85.40      0.9204E-05
   85.50      0.8784E-05
   85.60      0.8376E-05
   85.70      0.7981E-05
   85.80      0.7601E-05
   85.90      0.7238E-05
   86.00      0.6893E-05
   86.10      0.6568E-05
   86.20      0.6263E-05
   86.30      0.5979E-05
   86.40      0.5718E-05
   86.50      0.5479E-05
   86.60      0.5263E-05
   86.70      0.5071E-05
   86.80      0.4901E-05
   86.90      0.4754E-05
   87.00      0.4629E-05
   87.10      0.4526E-05
   87.20      0.4444E-05
   87.30      0.4382E-05
   87.40      0.4340E-05
   87.50      0.4315E-05
   87.60      0.4307E-05
   87.70      0.4314E-05
   87.80      0.4335E-05
   87.90      0.4368E-05
   88.00      0.4412E-05
   88.10      0.4465E-05
   88.20      0.4526E-05
   88.30      0.4592E-05
   88.40      0.4663E-05
   88.50      0.4736E-05
   88.60      0.4811E-05
   88.70      0.4884E-05
   88.80      0.4956E-05
   88.90      0.5024E-05
   89.00      0.5087E-05
   89.10      0.5145E-05
   89.20      0.5195E-05
   89.30      0.5237E-05
   89.40      0.5270E-05
   89.50      0.5292E-05
   89.60      0.5305E-05
   89.70      0.5306E-05
   89.80      0.5295E-05
   89.90      0.5272E-05
   90.00      0.5237E-05
   90.10      0.5190E-05
   90.20      0.5131E-05
   90.30      0.5060E-05
   90.40      0.4977E-05
   90.50      0.4883E-05
   90.60      0.4778E-05
   90.70      0.4663E-05
   90.80      0.4538E-05
   90.90      0.4405E-05
   91.00      0.4263E-05
   91.10      0.4115E-05
   91.20      0.3961E-05
   91.30      0.3801E-05
   91.40      0.3637E-05
   91.50      0.3470E-05
   91.60      0.3301E-05
   91.70      0.3132E-05
   91.80      0.2962E-05
   91.90      0.2793E-05
   92.00      0.2626E-05
   92.10      0.2462E-05
   92.20      0.2302E-05
   92.30      0.2147E-05
   92.40      0.1997E-05
   92.50      0.1854E-05
   92.60      0.1718E-05
   92.70      0.1590E-05
   92.80      0.1469E-05
   92.90      0.1358E-05
   93.00      0.1255E-05
   93.10      0.1162E-05
   93.20      0.1079E-05
   93.30      0.1005E-05
   93.40      0.9416E-06
   93.50      0.8877E-06
   93.60      0.8437E-06
   93.70      0.8092E-06
   93.80      0.7841E-06
   93.90      0.7681E-06
   94.00      0.7609E-06
   94.10      0.7619E-06
   94.20      0.7707E-06
   94.30      0.7869E-06
   94.40      0.8098E-06
   94.50      0.8388E-06
   94.60      0.8732E-06
   94.70      0.9125E-06
   94.80      0.9559E-06
   94.90      0.1003E-05
   95.00      0.1052E-05
   95.10      0.1104E-05
   95.20      0.1157E-05
   95.30      0.1210E-05
   95.40      0.1264E-05
   95.50      0.1317E-05
   95.60      0.1368E-05
   95.70      0.1418E-05
   95.80      0.1465E-05
   95.90      0.1509E-05
   96.00      0.1550E-05
   96.10      0.1586E-05
   96.20      0.1619E-05
   96.30      0.1647E-05
   96.40      0.1669E-05
   96.50      0.1687E-05
   96.60      0.1699E-05
   96.70      0.1706E-05
   96.80      0.1707E-05
   96.90      0.1703E-05
   97.00      0.1693E-05
   97.10      0.1677E-05
   97.20      0.1656E-05
   97.30      0.1630E-05
   97.40      0.1599E-05
   97.50      0.1563E-05
   97.60      0.1522E-05
   97.70      0.1477E-05
   97.80      0.1429E-05
   97.90      0.1376E-05
   98.00      0.1321E-05
   98.10      0.1263E-05
   98.20      0.1203E-05
   98.30      0.1140E-05
   98.40      0.1077E-05
   98.50      0.1012E-05
   98.60      0.9465E-06
   98.70      0.8810E-06
   98.80      0.8159E-06
   98.90      0.7515E-06
   99.00      0.6882E-06
   99.10      0.6265E-06
   99.20      0.5666E-06
   99.30      0.5089E-06
   99.40      0.4538E-06
   99.50      0.4015E-06
   99.60      0.3523E-06
   99.70      0.3064E-06
   99.80      0.2640E-06
   99.90      0.2253E-06
   100.0      0.1905E-06
   100.1      0.1596E-06
   100.2      0.1327E-06
   100.3      0.1099E-06
   100.4      0.9111E-07
   100.5      0.7639E-07
   100.6      0.6565E-07
   100.7      0.5881E-07
   100.8      0.5577E-07
   100.9      0.5639E-07
   101.0      0.6050E-07
   101.1      0.6793E-07
   101.2      0.7847E-07
   101.3      0.9191E-07
   101.4      0.1080E-06
   101.5      0.1265E-06
   101.6      0.1471E-06
   101.7      0.1696E-06
   101.8      0.1937E-06
   101.9      0.2191E-06
   102.0      0.2455E-06
   102.1      0.2726E-06
   102.2      0.3002E-06
   102.3      0.3280E-06
   102.4      0.3557E-06
   102.5      0.3831E-06
   102.6      0.4098E-06
   102.7      0.4357E-06
   102.8      0.4605E-06
   102.9      0.4840E-06
   103.0      0.5061E-06
   103.1      0.5265E-06
   103.2      0.5451E-06
   103.3      0.5617E-06
   103.4      0.5763E-06
   103.5      0.5887E-06
   103.6      0.5989E-06
   103.7      0.6067E-06
   103.8      0.6123E-06
   103.9      0.6154E-06
   104.0      0.6162E-06
   104.1      0.6146E-06
   104.2      0.6108E-06
   104.3      0.6047E-06
   104.4      0.5964E-06
   104.5      0.5860E-06
   104.6      0.5736E-06
   104.7      0.5594E-06
   104.8      0.5434E-06
   104.9      0.5259E-06
   105.0      0.5068E-06
   105.1      0.4865E-06
   105.2      0.4650E-06
   105.3      0.4426E-06
   105.4      0.4194E-06
   105.5      0.3955E-06
   105.6      0.3712E-06
   105.7      0.3466E-06
   105.8      0.3219E-06
   105.9      0.2973E-06
   106.0      0.2729E-06
   106.1      0.2489E-06
   106.2      0.2254E-06
   106.3      0.2025E-06
   106.4      0.1805E-06
   106.5      0.1595E-06
   106.6      0.1394E-06
   106.7      0.1206E-06
   106.8      0.1030E-06
   106.9      0.8667E-07
   107.0      0.7179E-07
   107.1      0.5838E-07
   107.2      0.4647E-07
   107.3      0.3610E-07
   107.4      0.2729E-07
   107.5      0.2005E-07
   107.6      0.1438E-07
   107.7      0.1026E-07
   107.8      0.7678E-08
   107.9      0.6584E-08
   108.0      0.6939E-08
   108.1      0.8686E-08
   108.2      0.1176E-07
   108.3      0.1609E-07
   108.4      0.2160E-07
   108.5      0.2820E-07
   108.6      0.3580E-07
   108.7      0.4431E-07
   108.8      0.5362E-07
   108.9      0.6363E-07
   109.0      0.7424E-07
   109.1      0.8533E-07
   109.2      0.9681E-07
   109.3      0.1086E-06
   109.4      0.1205E-06
   109.5      0.1325E-06
   109.6      0.1444E-06
   109.7      0.1562E-06
   109.8      0.1678E-06
   109.9      0.1791E-06
   110.0      0.1900E-06
   110.1      0.2004E-06
   110.2      0.2102E-06
   110.3      0.2194E-06
   110.4      0.2279E-06
   110.5      0.2357E-06
   110.6      0.2427E-06
   110.7      0.2489E-06
   110.8      0.2542E-06
   110.9      0.2587E-06
   111.0      0.2622E-06
   111.1      0.2649E-06
   111.2      0.2666E-06
   111.3      0.2674E-06
   111.4      0.2674E-06
   111.5      0.2664E-06
   111.6      0.2647E-06
   111.7      0.2620E-06
   111.8      0.2586E-06
   111.9      0.2545E-06
   112.0      0.2496E-06
   112.1      0.2441E-06
   112.2      0.2380E-06
   112.3      0.2314E-06
   112.4      0.2242E-06
   112.5      0.2166E-06
   112.6      0.2086E-06
   112.7      0.2004E-06
   112.8      0.1919E-06
   112.9      0.1832E-06
   113.0      0.1744E-06
   113.1      0.1655E-06
   113.2      0.1566E-06
   113.3      0.1478E-06
   113.4      0.1391E-06
   113.5      0.1306E-06
   113.6      0.1224E-06
   113.7      0.1144E-06
   113.8      0.1067E-06
   113.9      0.9941E-07
   114.0      0.9251E-07
   114.1      0.8606E-07
   114.2      0.8007E-07
   114.3      0.7459E-07
   114.4      0.6962E-07
   114.5      0.6519E-07
   114.6      0.6131E-07
   114.7      0.5799E-07
   114.8      0.5523E-07
   114.9      0.5304E-07
   115.0      0.5141E-07
   115.1      0.5033E-07
   115.2      0.4980E-07
   115.3      0.4980E-07
   115.4      0.5030E-07
   115.5      0.5130E-07
   115.6      0.5276E-07
   115.7      0.5466E-07
   115.8      0.5697E-07
   115.9      0.5966E-07
   116.0      0.6270E-07
   116.1      0.6604E-07
   116.2      0.6966E-07
   116.3      0.7352E-07
   116.4      0.7758E-07
   116.5      0.8181E-07
   116.6      0.8616E-07
   116.7      0.9060E-07
   116.8      0.9509E-07
   116.9      0.9959E-07
   117.0      0.1041E-06
   117.1      0.1085E-06
   117.2      0.1128E-06
   117.3      0.1170E-06
   117.4      0.1211E-06
   117.5      0.1250E-06
   117.6      0.1287E-06
   117.7      0.1321E-06
   117.8      0.1353E-06
   117.9      0.1383E-06
   118.0      0.1409E-06
   118.1      0.1433E-06
   118.2      0.1454E-06
   118.3      0.1471E-06
   118.4      0.1485E-06
   118.5      0.1496E-06
   118.6      0.1503E-06
   118.7      0.1508E-06
   118.8      0.1509E-06
   118.9      0.1506E-06
   119.0      0.1501E-06
   119.1      0.1493E-06
   119.2      0.1482E-06
   119.3      0.1468E-06
   119.4      0.1451E-06
   119.5      0.1433E-06
   119.6      0.1411E-06
   119.7      0.1388E-06
   119.8      0.1363E-06
   119.9      0.1337E-06
   120.0      0.1308E-06
   120.1      0.1279E-06
   120.2      0.1249E-06
   120.3      0.1218E-06
   120.4      0.1186E-06
   120.5      0.1154E-06
   120.6      0.1122E-06
   120.7      0.1091E-06
   120.8      0.1059E-06
   120.9      0.1028E-06
   121.0      0.9979E-07
   121.1      0.9686E-07
   121.2      0.9403E-07
   121.3      0.9133E-07
   121.4      0.8877E-07
   121.5      0.8637E-07
   121.6      0.8412E-07
   121.7      0.8205E-07
   121.8      0.8017E-07
   121.9      0.7848E-07
   122.0      0.7698E-07
   122.1      0.7569E-07
   122.2      0.7460E-07
   122.3      0.7372E-07
   122.4      0.7305E-07
   122.5      0.7258E-07
   122.6      0.7232E-07
   122.7      0.7225E-07
   122.8      0.7238E-07
   122.9      0.7270E-07
   123.0      0.7319E-07
   123.1      0.7386E-07
   123.2      0.7469E-07
   123.3      0.7567E-07
   123.4      0.7679E-07
   123.5      0.7804E-07
   123.6      0.7940E-07
   123.7      0.8087E-07
   123.8      0.8242E-07
   123.9      0.8405E-07
   124.0      0.8574E-07
   124.1      0.8748E-07
   124.2      0.8925E-07
   124.3      0.9103E-07
   124.4      0.9283E-07
   124.5      0.9461E-07
   124.6      0.9638E-07
   124.7      0.9811E-07
   124.8      0.9979E-07
   124.9      0.1014E-06
   125.0      0.1030E-06
   125.1      0.1045E-06
   125.2      0.1059E-06
   125.3      0.1071E-06
   125.4      0.1083E-06
   125.5      0.1094E-06
   125.6      0.1104E-06
   125.7      0.1112E-06
   125.8      0.1119E-06
   125.9      0.1125E-06
   126.0      0.1130E-06
   126.1      0.1133E-06
   126.2      0.1135E-06
   126.3      0.1135E-06
   126.4      0.1134E-06
   126.5      0.1132E-06
   126.6      0.1129E-06
   126.7      0.1124E-06
   126.8      0.1118E-06
   126.9      0.1111E-06
   127.0      0.1103E-06
   127.1      0.1094E-06
   127.2      0.1084E-06
   127.3      0.1073E-06
   127.4      0.1061E-06
   127.5      0.1049E-06
   127.6      0.1036E-06
   127.7      0.1022E-06
   127.8      0.1008E-06
   127.9      0.9932E-07
   128.0      0.9784E-07
   128.1      0.9634E-07
   128.2      0.9483E-07
   128.3      0.9332E-07
   128.4      0.9181E-07
   128.5      0.9032E-07
   128.6      0.8885E-07
   128.7      0.8741E-07
   128.8      0.8601E-07
   128.9      0.8466E-07
   129.0      0.8335E-07
   129.1      0.8211E-07
   129.2      0.8093E-07
   129.3      0.7982E-07
   129.4      0.7878E-07
   129.5      0.7783E-07
   129.6      0.7695E-07
   129.7      0.7616E-07
   129.8      0.7546E-07
   129.9      0.7485E-07
   130.0      0.7433E-07
   130.1      0.7390E-07
   130.2      0.7357E-07
   130.3      0.7332E-07
   130.4      0.7317E-07
   130.5      0.7311E-07
   130.6      0.7313E-07
   130.7      0.7324E-07
   130.8      0.7344E-07
   130.9      0.7371E-07
   131.0      0.7406E-07
   131.1      0.7448E-07
   131.2      0.7496E-07
   131.3      0.7551E-07
   131.4      0.7612E-07
   131.5      0.7678E-07
   131.6      0.7749E-07
   131.7      0.7824E-07
   131.8      0.7902E-07
   131.9      0.7984E-07
   132.0      0.8068E-07
   132.1      0.8154E-07
   132.2      0.8242E-07
   132.3      0.8330E-07
   132.4      0.8419E-07
   132.5      0.8507E-07
   132.6      0.8594E-07
   132.7      0.8680E-07
   132.8      0.8764E-07
   132.9      0.8846E-07
   133.0      0.8925E-07
   133.1      0.9001E-07
   133.2      0.9073E-07
   133.3      0.9141E-07
   133.4      0.9205E-07
   133.5      0.9264E-07
   133.6      0.9319E-07
   133.7      0.9368E-07
   133.8      0.9411E-07
   133.9      0.9450E-07
   134.0      0.9482E-07
   134.1      0.9508E-07
   134.2      0.9529E-07
   134.3      0.9543E-07
   134.4      0.9552E-07
   134.5      0.9555E-07
   134.6      0.9551E-07
   134.7      0.9542E-07
   134.8      0.9527E-07
   134.9      0.9507E-07
   135.0      0.9481E-07
   135.1      0.9450E-07
   135.2      0.9414E-07
   135.3      0.9373E-07
   135.4      0.9328E-07
   135.5      0.9279E-07
   135.6      0.9225E-07
   135.7      0.9169E-07
   135.8      0.9109E-07
   135.9      0.9046E-07
   136.0      0.8980E-07
   136.1      0.8912E-07
   136.2      0.8843E-07
   136.3      0.8772E-07
   136.4      0.8699E-07
   136.5      0.8626E-07
   136.6      0.8553E-07
   136.7      0.8479E-07
   136.8      0.8405E-07
   136.9      0.8332E-07
   137.0      0.8260E-07
   137.1      0.8189E-07
   137.2      0.8119E-07
   137.3      0.8051E-07
   137.4      0.7984E-07
   137.5      0.7920E-07
   137.6      0.7858E-07
   137.7      0.7798E-07
   137.8      0.7741E-07
   137.9      0.7687E-07
   138.0      0.7636E-07
   138.1      0.7588E-07
   138.2      0.7543E-07
   138.3      0.7502E-07
   138.4      0.7464E-07
   138.5      0.7429E-07
   138.6      0.7398E-07
   138.7      0.7370E-07
   138.8      0.7345E-07
   138.9      0.7324E-07
   139.0      0.7306E-07
   139.1      0.7292E-07
   139.2      0.7281E-07
   139.3      0.7273E-07
   139.4      0.7268E-07
   139.5      0.7267E-07
   139.6      0.7268E-07
   139.7      0.7271E-07
   139.8      0.7278E-07
   139.9      0.7287E-07
   140.0      0.7298E-07
   140.1      0.7311E-07
   140.2      0.7326E-07
   140.3      0.7343E-07
   140.4      0.7361E-07
   140.5      0.7381E-07
   140.6      0.7401E-07
   140.7      0.7423E-07
   140.8      0.7446E-07
   140.9      0.7469E-07
   141.0      0.7493E-07
   141.1      0.7517E-07
   141.2      0.7540E-07
   141.3      0.7564E-07
   141.4      0.7588E-07
   141.5      0.7611E-07
   141.6      0.7633E-07
   141.7      0.7655E-07
   141.8      0.7676E-07
   141.9      0.7696E-07
   142.0      0.7715E-07
   142.1      0.7733E-07
   142.2      0.7749E-07
   142.3      0.7764E-07
   142.4      0.7778E-07
   142.5      0.7790E-07
   142.6      0.7801E-07
   142.7      0.7810E-07
   142.8      0.7817E-07
   142.9      0.7823E-07
   143.0      0.7827E-07
   143.1      0.7830E-07
   143.2      0.7831E-07
   143.3      0.7830E-07
   143.4      0.7828E-07
   143.5      0.7824E-07
   143.6      0.7819E-07
   143.7      0.7812E-07
   143.8      0.7804E-07
   143.9      0.7795E-07
   144.0      0.7784E-07
   144.1      0.7772E-07
   144.2      0.7759E-07
   144.3      0.7744E-07
   144.4      0.7729E-07
   144.5      0.7713E-07
   144.6      0.7696E-07
   144.7      0.7678E-07
   144.8      0.7660E-07
   144.9      0.7641E-07
   145.0      0.7622E-07
   145.1      0.7602E-07
   145.2      0.7582E-07
   145.3      0.7562E-07
   145.4      0.7542E-07
   145.5      0.7522E-07
   145.6      0.7502E-07
   145.7      0.7482E-07
   145.8      0.7463E-07
   145.9      0.7444E-07
   146.0      0.7425E-07
   146.1      0.7407E-07
   146.2      0.7390E-07
   146.3      0.7373E-07
   146.4      0.7357E-07
   146.5      0.7342E-07
   146.6      0.7327E-07
   146.7      0.7313E-07
   146.8      0.7300E-07
   146.9      0.7288E-07
   147.0      0.7277E-07
   147.1      0.7267E-07
   147.2      0.7258E-07
   147.3      0.7249E-07
   147.4      0.7242E-07
   147.5      0.7235E-07
   147.6      0.7230E-07
   147.7      0.7225E-07
   147.8      0.7221E-07
   147.9      0.7218E-07
   148.0      0.7216E-07
   148.1      0.7214E-07
   148.2      0.7213E-07
   148.3      0.7213E-07
   148.4      0.7214E-07
   148.5      0.7216E-07
   148.6      0.7218E-07
   148.7      0.7220E-07
   148.8      0.7223E-07
   148.9      0.7227E-07
   149.0      0.7231E-07
   149.1      0.7235E-07
   149.2      0.7240E-07
   149.3      0.7245E-07
   149.4      0.7251E-07
   149.5      0.7256E-07
   149.6      0.7262E-07
   149.7      0.7267E-07
   149.8      0.7273E-07
   149.9      0.7278E-07
   150.0      0.7284E-07
   150.1      0.7289E-07
   150.2      0.7294E-07
   150.3      0.7299E-07
   150.4      0.7303E-07
   150.5      0.7307E-07
   150.6      0.7311E-07
   150.7      0.7314E-07
   150.8      0.7316E-07
   150.9      0.7318E-07
   151.0      0.7319E-07
   151.1      0.7320E-07
   151.2      0.7320E-07
   151.3      0.7320E-07
   151.4      0.7318E-07
   151.5      0.7316E-07
   151.6      0.7314E-07
   151.7      0.7311E-07
   151.8      0.7307E-07
   151.9      0.7302E-07
   152.0      0.7297E-07
   152.1      0.7291E-07
   152.2      0.7285E-07
   152.3      0.7277E-07
   152.4      0.7270E-07
   152.5      0.7262E-07
   152.6      0.7253E-07
   152.7      0.7244E-07
   152.8      0.7234E-07
   152.9      0.7224E-07
   153.0      0.7213E-07
   153.1      0.7202E-07
   153.2      0.7191E-07
   153.3      0.7179E-07
   153.4      0.7167E-07
   153.5      0.7155E-07
   153.6      0.7142E-07
   153.7      0.7129E-07
   153.8      0.7116E-07
   153.9      0.7102E-07
   154.0      0.7089E-07
   154.1      0.7075E-07
   154.2      0.7061E-07
   154.3      0.7047E-07
   154.4      0.7033E-07
   154.5      0.7018E-07
   154.6      0.7004E-07
   154.7      0.6990E-07
   154.8      0.6976E-07
   154.9      0.6961E-07
   155.0      0.6947E-07
   155.1      0.6934E-07
   155.2      0.6920E-07
   155.3      0.6907E-07
   155.4      0.6893E-07
   155.5      0.6880E-07
   155.6      0.6868E-07
   155.7      0.6856E-07
   155.8      0.6844E-07
   155.9      0.6833E-07
   156.0      0.6822E-07
   156.1      0.6811E-07
   156.2      0.6801E-07
   156.3      0.6792E-07
   156.4      0.6783E-07
   156.5      0.6774E-07
   156.6      0.6766E-07
   156.7      0.6758E-07
   156.8      0.6751E-07
   156.9      0.6745E-07
   157.0      0.6739E-07
   157.1      0.6733E-07
   157.2      0.6728E-07
   157.3      0.6723E-07
   157.4      0.6718E-07
   157.5      0.6714E-07
   157.6      0.6711E-07
   157.7      0.6707E-07
   157.8      0.6704E-07
   157.9      0.6701E-07
   158.0      0.6699E-07
   158.1      0.6696E-07
   158.2      0.6694E-07
   158.3      0.6693E-07
   158.4      0.6691E-07
   158.5      0.6689E-07
   158.6      0.6688E-07
   158.7      0.6687E-07
   158.8      0.6686E-07
   158.9      0.6686E-07
   159.0      0.6685E-07
   159.1      0.6685E-07
   159.2      0.6684E-07
   159.3      0.6684E-07
   159.4      0.6684E-07
   159.5      0.6684E-07
   159.6      0.6684E-07
   159.7      0.6685E-07
   159.8      0.6685E-07
   159.9      0.6686E-07
   160.0      0.6686E-07
   160.1      0.6687E-07
   160.2      0.6688E-07
   160.3      0.6688E-07
   160.4      0.6689E-07
   160.5      0.6689E-07
   160.6      0.6690E-07
   160.7      0.6690E-07
   160.8      0.6691E-07
   160.9      0.6691E-07
   161.0      0.6691E-07
   161.1      0.6691E-07
   161.2      0.6691E-07
   161.3      0.6690E-07
   161.4      0.6689E-07
   161.5      0.6689E-07
   161.6      0.6688E-07
   161.7      0.6686E-07
   161.8      0.6685E-07
   161.9      0.6683E-07
   162.0      0.6681E-07
   162.1      0.6679E-07
   162.2      0.6677E-07
   162.3      0.6674E-07
   162.4      0.6672E-07
   162.5      0.6669E-07
   162.6      0.6666E-07
   162.7      0.6663E-07
   162.8      0.6660E-07
   162.9      0.6657E-07
   163.0      0.6653E-07
   163.1      0.6650E-07
   163.2      0.6647E-07
   163.3      0.6643E-07
   163.4      0.6640E-07
   163.5      0.6637E-07
   163.6      0.6633E-07
   163.7      0.6630E-07
   163.8      0.6626E-07
   163.9      0.6623E-07
   164.0      0.6620E-07
   164.1      0.6616E-07
   164.2      0.6613E-07
   164.3      0.6610E-07
   164.4      0.6607E-07
   164.5      0.6603E-07
   164.6      0.6600E-07
   164.7      0.6597E-07
   164.8      0.6594E-07
   164.9      0.6590E-07
   165.0      0.6587E-07
   165.1      0.6584E-07
   165.2      0.6581E-07
   165.3      0.6578E-07
   165.4      0.6574E-07
   165.5      0.6571E-07
   165.6      0.6568E-07
   165.7      0.6565E-07
   165.8      0.6563E-07
   165.9      0.6560E-07
   166.0      0.6557E-07
   166.1      0.6554E-07
   166.2      0.6552E-07
   166.3      0.6550E-07
   166.4      0.6548E-07
   166.5      0.6546E-07
   166.6      0.6544E-07
   166.7      0.6542E-07
   166.8      0.6540E-07
   166.9      0.6539E-07
   167.0      0.6538E-07
   167.1      0.6537E-07
   167.2      0.6536E-07
   167.3      0.6536E-07
   167.4      0.6535E-07
   167.5      0.6535E-07
   167.6      0.6535E-07
   167.7      0.6535E-07
   167.8      0.6535E-07
   167.9      0.6535E-07
   168.0      0.6535E-07
   168.1      0.6535E-07
   168.2      0.6536E-07
   168.3      0.6536E-07
   168.4      0.6537E-07
   168.5      0.6537E-07
   168.6      0.6538E-07
   168.7      0.6539E-07
   168.8      0.6539E-07
   168.9      0.6540E-07
   169.0      0.6541E-07
   169.1      0.6542E-07
   169.2      0.6542E-07
   169.3      0.6543E-07
   169.4      0.6544E-07
   169.5      0.6545E-07
   169.6      0.6545E-07
   169.7      0.6546E-07
   169.8      0.6547E-07
   169.9      0.6548E-07
   170.0      0.6549E-07
   170.1      0.6550E-07
   170.2      0.6550E-07
   170.3      0.6551E-07
   170.4      0.6552E-07
   170.5      0.6553E-07
   170.6      0.6554E-07
   170.7      0.6555E-07
   170.8      0.6556E-07
   170.9      0.6557E-07
   171.0      0.6558E-07
   171.1      0.6558E-07
   171.2      0.6559E-07
   171.3      0.6560E-07
   171.4      0.6561E-07
   171.5      0.6561E-07
   171.6      0.6562E-07
   171.7      0.6562E-07
   171.8      0.6563E-07
   171.9      0.6563E-07
   172.0      0.6564E-07
   172.1      0.6564E-07
   172.2      0.6564E-07
   172.3      0.6564E-07
   172.4      0.6564E-07
   172.5      0.6563E-07
   172.6      0.6563E-07
   172.7      0.6563E-07
   172.8      0.6562E-07
   172.9      0.6562E-07
   173.0      0.6561E-07
   173.1      0.6560E-07
   173.2      0.6559E-07
   173.3      0.6558E-07
   173.4      0.6558E-07
   173.5      0.6557E-07
   173.6      0.6555E-07
   173.7      0.6554E-07
   173.8      0.6553E-07
   173.9      0.6552E-07
   174.0      0.6551E-07
   174.1      0.6550E-07
   174.2      0.6548E-07
   174.3      0.6547E-07
   174.4      0.6546E-07
   174.5      0.6544E-07
   174.6      0.6543E-07
   174.7      0.6542E-07
   174.8      0.6540E-07
   174.9      0.6539E-07
   175.0      0.6538E-07
   175.1      0.6536E-07
   175.2      0.6535E-07
   175.3      0.6533E-07
   175.4      0.6531E-07
   175.5      0.6530E-07
   175.6      0.6528E-07
   175.7      0.6527E-07
   175.8      0.6525E-07
   175.9      0.6523E-07
   176.0      0.6522E-07
   176.1      0.6520E-07
   176.2      0.6518E-07
   176.3      0.6517E-07
   176.4      0.6515E-07
   176.5      0.6513E-07
   176.6      0.6511E-07
   176.7      0.6510E-07
   176.8      0.6508E-07
   176.9      0.6506E-07
   177.0      0.6505E-07
   177.1      0.6503E-07
   177.2      0.6502E-07
   177.3      0.6500E-07
   177.4      0.6499E-07
   177.5      0.6497E-07
   177.6      0.6496E-07
   177.7      0.6495E-07
   177.8      0.6493E-07
   177.9      0.6492E-07
   178.0      0.6491E-07
   178.1      0.6490E-07
   178.2      0.6489E-07
   178.3      0.6488E-07
   178.4      0.6487E-07
   178.5      0.6487E-07
   178.6      0.6486E-07
   178.7      0.6485E-07
   178.8      0.6485E-07
   178.9      0.6484E-07
   179.0      0.6483E-07
   179.1      0.6483E-07
   179.2      0.6483E-07
   179.3      0.6482E-07
   179.4      0.6482E-07
   179.5      0.6482E-07
   179.6      0.6481E-07
   179.7      0.6481E-07
   179.8      0.6481E-07
   179.9      0.6481E-07
   180.0      0.6481E-07
 END
@legend string   1 "Partition=  1 Excit=  2 near/far= 1"
#legend string   0 "Lab energy =  183.0000"
@s1 linestyle   2
#  Theta       sigma       iT11        T20         T21         T22         Kyy for projectile
   0.000       59.41    
  0.1000       59.37    
  0.2000       59.22    
  0.3000       58.98    
  0.4000       58.63    
  0.5000       58.18    
  0.6000       57.62    
  0.7000       56.95    
  0.8000       56.16    
  0.9000       55.25    
   1.000       54.21    
   1.100       53.04    
   1.200       51.74    
   1.300       50.32    
   1.400       48.78    
   1.500       47.14    
   1.600       45.41    
   1.700       43.62    
   1.800       41.81    
   1.900       40.00    
   2.000       38.25    
   2.100       36.61    
   2.200       35.13    
   2.300       33.87    
   2.400       32.89    
   2.500       32.24    
   2.600       31.98    
   2.700       32.15    
   2.800       32.79    
   2.900       33.93    
   3.000       35.58    
   3.100       37.75    
   3.200       40.40    
   3.300       43.53    
   3.400       47.07    
   3.500       50.96    
   3.600       55.15    
   3.700       59.53    
   3.800       64.03    
   3.900       68.55    
   4.000       72.98    
   4.100       77.24    
   4.200       81.22    
   4.300       84.85    
   4.400       88.05    
   4.500       90.75    
   4.600       92.91    
   4.700       94.47    
   4.800       95.43    
   4.900       95.76    
   5.000       95.48    
   5.100       94.60    
   5.200       93.14    
   5.300       91.15    
   5.400       88.67    
   5.500       85.74    
   5.600       82.44    
   5.700       78.81    
   5.800       74.91    
   5.900       70.81    
   6.000       66.55    
   6.100       62.21    
   6.200       57.82    
   6.300       53.43    
   6.400       49.09    
   6.500       44.83    
   6.600       40.69    
   6.700       36.70    
   6.800       32.88    
   6.900       29.25    
   7.000       25.84    
   7.100       22.66    
   7.200       19.72    
   7.300       17.03    
   7.400       14.61    
   7.500       12.45    
   7.600       10.57    
   7.700       8.968    
   7.800       7.643    
   7.900       6.596    
   8.000       5.825    
   8.100       5.326    
   8.200       5.092    
   8.300       5.113    
   8.400       5.379    
   8.500       5.873    
   8.600       6.579    
   8.700       7.477    
   8.800       8.543    
   8.900       9.752    
   9.000       11.08    
   9.100       12.49    
   9.200       13.96    
   9.300       15.46    
   9.400       16.95    
   9.500       18.40    
   9.600       19.79    
   9.700       21.09    
   9.800       22.27    
   9.900       23.32    
   10.00       24.21    
   10.10       24.93    
   10.20       25.46    
   10.30       25.82    
   10.40       25.98    
   10.50       25.95    
   10.60       25.75    
   10.70       25.37    
   10.80       24.82    
   10.90       24.13    
   11.00       23.31    
   11.10       22.37    
   11.20       21.33    
   11.30       20.22    
   11.40       19.05    
   11.50       17.83    
   11.60       16.60    
   11.70       15.35    
   11.80       14.12    
   11.90       12.90    
   12.00       11.72    
   12.10       10.59    
   12.20       9.514    
   12.30       8.500    
   12.40       7.557    
   12.50       6.690    
   12.60       5.903    
   12.70       5.199    
   12.80       4.580    
   12.90       4.048    
   13.00       3.604    
   13.10       3.246    
   13.20       2.974    
   13.30       2.786    
   13.40       2.680    
   13.50       2.652    
   13.60       2.700    
   13.70       2.819    
   13.80       3.004    
   13.90       3.250    
   14.00       3.549    
   14.10       3.896    
   14.20       4.283    
   14.30       4.702    
   14.40       5.145    
   14.50       5.602    
   14.60       6.065    
   14.70       6.526    
   14.80       6.975    
   14.90       7.403    
   15.00       7.804    
   15.10       8.170    
   15.20       8.493    
   15.30       8.769    
   15.40       8.993    
   15.50       9.162    
   15.60       9.273    
   15.70       9.325    
   15.80       9.319    
   15.90       9.255    
   16.00       9.137    
   16.10       8.967    
   16.20       8.749    
   16.30       8.489    
   16.40       8.192    
   16.50       7.862    
   16.60       7.508    
   16.70       7.133    
   16.80       6.745    
   16.90       6.348    
   17.00       5.948    
   17.10       5.551    
   17.20       5.160    
   17.30       4.780    
   17.40       4.414    
   17.50       4.065    
   17.60       3.736    
   17.70       3.429    
   17.80       3.144    
   17.90       2.884    
   18.00       2.648    
   18.10       2.438    
   18.20       2.253    
   18.30       2.094    
   18.40       1.959    
   18.50       1.849    
   18.60       1.763    
   18.70       1.699    
   18.80       1.658    
   18.90       1.638    
   19.00       1.638    
   19.10       1.657    
   19.20       1.693    
   19.30       1.746    
   19.40       1.813    
   19.50       1.892    
   19.60       1.983    
   19.70       2.082    
   19.80       2.189    
   19.90       2.299    
   20.00       2.412    
   20.10       2.525    
   20.20       2.636    
   20.30       2.741    
   20.40       2.840    
   20.50       2.929    
   20.60       3.008    
   20.70       3.074    
   20.80       3.126    
   20.90       3.164    
   21.00       3.186    
   21.10       3.192    
   21.20       3.181    
   21.30       3.156    
   21.40       3.115    
   21.50       3.059    
   21.60       2.991    
   21.70       2.911    
   21.80       2.820    
   21.90       2.721    
   22.00       2.615    
   22.10       2.504    
   22.20       2.389    
   22.30       2.272    
   22.40       2.155    
   22.50       2.038    
   22.60       1.923    
   22.70       1.812    
   22.80       1.705    
   22.90       1.603    
   23.00       1.506    
   23.10       1.415    
   23.20       1.331    
   23.30       1.253    
   23.40       1.182    
   23.50       1.117    
   23.60       1.058    
   23.70       1.006    
   23.80      0.9606    
   23.90      0.9208    
   24.00      0.8867    
   24.10      0.8581    
   24.20      0.8349    
   24.30      0.8168    
   24.40      0.8036    
   24.50      0.7950    
   24.60      0.7909    
   24.70      0.7910    
   24.80      0.7950    
   24.90      0.8026    
   25.00      0.8135    
   25.10      0.8273    
   25.20      0.8435    
   25.30      0.8616    
   25.40      0.8812    
   25.50      0.9017    
   25.60      0.9225    
   25.70      0.9429    
   25.80      0.9625    
   25.90      0.9807    
   26.00      0.9968    
   26.10       1.010    
   26.20       1.021    
   26.30       1.028    
   26.40       1.032    
   26.50       1.032    
   26.60       1.028    
   26.70       1.020    
   26.80       1.008    
   26.90      0.9923    
   27.00      0.9734    
   27.10      0.9514    
   27.20      0.9266    
   27.30      0.8994    
   27.40      0.8703    
   27.50      0.8398    
   27.60      0.8082    
   27.70      0.7760    
   27.80      0.7436    
   27.90      0.7114    
   28.00      0.6797    
   28.10      0.6488    
   28.20      0.6189    
   28.30      0.5903    
   28.40      0.5631    
   28.50      0.5374    
   28.60      0.5133    
   28.70      0.4908    
   28.80      0.4699    
   28.90      0.4505    
   29.00      0.4326    
   29.10      0.4162    
   29.20      0.4011    
   29.30      0.3873    
   29.40      0.3748    
   29.50      0.3634    
   29.60      0.3532    
   29.70      0.3440    
   29.80      0.3359    
   29.90      0.3289    
   30.00      0.3228    
   30.10      0.3178    
   30.20      0.3137    
   30.30      0.3106    
   30.40      0.3085    
   30.50      0.3073    
   30.60      0.3070    
   30.70      0.3075    
   30.80      0.3086    
   30.90      0.3104    
   31.00      0.3126    
   31.10      0.3151    
   31.20      0.3177    
   31.30      0.3203    
   31.40      0.3228    
   31.50      0.3249    
   31.60      0.3266    
   31.70      0.3276    
   31.80      0.3280    
   31.90      0.3275    
   32.00      0.3262    
   32.10      0.3239    
   32.20      0.3207    
   32.30      0.3166    
   32.40      0.3117    
   32.50      0.3060    
   32.60      0.2995    
   32.70      0.2924    
   32.80      0.2847    
   32.90      0.2767    
   33.00      0.2683    
   33.10      0.2597    
   33.20      0.2510    
   33.30      0.2424    
   33.40      0.2338    
   33.50      0.2255    
   33.60      0.2174    
   33.70      0.2095    
   33.80      0.2021    
   33.90      0.1950    
   34.00      0.1883    
   34.10      0.1820    
   34.20      0.1761    
   34.30      0.1706    
   34.40      0.1654    
   34.50      0.1605    
   34.60      0.1558    
   34.70      0.1515    
   34.80      0.1473    
   34.90      0.1434    
   35.00      0.1396    
   35.10      0.1360    
   35.20      0.1326    
   35.30      0.1293    
   35.40      0.1262    
   35.50      0.1234    
   35.60      0.1207    
   35.70      0.1183    
   35.80      0.1161    
   35.90      0.1143    
   36.00      0.1126    
   36.10      0.1113    
   36.20      0.1102    
   36.30      0.1094    
   36.40      0.1088    
   36.50      0.1084    
   36.60      0.1082    
   36.70      0.1081    
   36.80      0.1080    
   36.90      0.1080    
   37.00      0.1080    
   37.10      0.1079    
   37.20      0.1076    
   37.30      0.1072    
   37.40      0.1067    
   37.50      0.1060    
   37.60      0.1050    
   37.70      0.1038    
   37.80      0.1025    
   37.90      0.1009    
   38.00      0.9911E-01
   38.10      0.9716E-01
   38.20      0.9505E-01
   38.30      0.9281E-01
   38.40      0.9047E-01
   38.50      0.8806E-01
   38.60      0.8560E-01
   38.70      0.8313E-01
   38.80      0.8067E-01
   38.90      0.7825E-01
   39.00      0.7589E-01
   39.10      0.7361E-01
   39.20      0.7142E-01
   39.30      0.6933E-01
   39.40      0.6736E-01
   39.50      0.6549E-01
   39.60      0.6373E-01
   39.70      0.6207E-01
   39.80      0.6050E-01
   39.90      0.5900E-01
   40.00      0.5756E-01
   40.10      0.5617E-01
   40.20      0.5482E-01
   40.30      0.5348E-01
   40.40      0.5216E-01
   40.50      0.5085E-01
   40.60      0.4954E-01
   40.70      0.4825E-01
   40.80      0.4697E-01
   40.90      0.4572E-01
   41.00      0.4451E-01
   41.10      0.4335E-01
   41.20      0.4225E-01
   41.30      0.4122E-01
   41.40      0.4028E-01
   41.50      0.3943E-01
   41.60      0.3868E-01
   41.70      0.3803E-01
   41.80      0.3747E-01
   41.90      0.3700E-01
   42.00      0.3661E-01
   42.10      0.3628E-01
   42.20      0.3602E-01
   42.30      0.3579E-01
   42.40      0.3560E-01
   42.50      0.3542E-01
   42.60      0.3523E-01
   42.70      0.3504E-01
   42.80      0.3482E-01
   42.90      0.3458E-01
   43.00      0.3429E-01
   43.10      0.3396E-01
   43.20      0.3358E-01
   43.30      0.3315E-01
   43.40      0.3267E-01
   43.50      0.3215E-01
   43.60      0.3157E-01
   43.70      0.3096E-01
   43.80      0.3030E-01
   43.90      0.2962E-01
   44.00      0.2891E-01
   44.10      0.2818E-01
   44.20      0.2745E-01
   44.30      0.2672E-01
   44.40      0.2601E-01
   44.50      0.2531E-01
   44.60      0.2464E-01
   44.70      0.2400E-01
   44.80      0.2340E-01
   44.90      0.2284E-01
   45.00      0.2231E-01
   45.10      0.2182E-01
   45.20      0.2136E-01
   45.30      0.2093E-01
   45.40      0.2051E-01
   45.50      0.2010E-01
   45.60      0.1970E-01
   45.70      0.1929E-01
   45.80      0.1888E-01
   45.90      0.1845E-01
   46.00      0.1802E-01
   46.10      0.1757E-01
   46.20      0.1712E-01
   46.30      0.1666E-01
   46.40      0.1620E-01
   46.50      0.1574E-01
   46.60      0.1530E-01
   46.70      0.1488E-01
   46.80      0.1448E-01
   46.90      0.1411E-01
   47.00      0.1376E-01
   47.10      0.1346E-01
   47.20      0.1318E-01
   47.30      0.1293E-01
   47.40      0.1272E-01
   47.50      0.1253E-01
   47.60      0.1237E-01
   47.70      0.1223E-01
   47.80      0.1210E-01
   47.90      0.1199E-01
   48.00      0.1189E-01
   48.10      0.1179E-01
   48.20      0.1169E-01
   48.30      0.1160E-01
   48.40      0.1150E-01
   48.50      0.1140E-01
   48.60      0.1129E-01
   48.70      0.1117E-01
   48.80      0.1104E-01
   48.90      0.1089E-01
   49.00      0.1073E-01
   49.10      0.1055E-01
   49.20      0.1036E-01
   49.30      0.1015E-01
   49.40      0.9921E-02
   49.50      0.9684E-02
   49.60      0.9437E-02
   49.70      0.9186E-02
   49.80      0.8935E-02
   49.90      0.8688E-02
   50.00      0.8449E-02
   50.10      0.8222E-02
   50.20      0.8009E-02
   50.30      0.7813E-02
   50.40      0.7634E-02
   50.50      0.7472E-02
   50.60      0.7324E-02
   50.70      0.7189E-02
   50.80      0.7062E-02
   50.90      0.6941E-02
   51.00      0.6821E-02
   51.10      0.6700E-02
   51.20      0.6573E-02
   51.30      0.6441E-02
   51.40      0.6300E-02
   51.50      0.6152E-02
   51.60      0.5997E-02
   51.70      0.5836E-02
   51.80      0.5673E-02
   51.90      0.5509E-02
   52.00      0.5347E-02
   52.10      0.5190E-02
   52.20      0.5039E-02
   52.30      0.4897E-02
   52.40      0.4764E-02
   52.50      0.4641E-02
   52.60      0.4528E-02
   52.70      0.4425E-02
   52.80      0.4330E-02
   52.90      0.4244E-02
   53.00      0.4165E-02
   53.10      0.4093E-02
   53.20      0.4027E-02
   53.30      0.3967E-02
   53.40      0.3913E-02
   53.50      0.3865E-02
   53.60      0.3822E-02
   53.70      0.3784E-02
   53.80      0.3751E-02
   53.90      0.3721E-02
   54.00      0.3692E-02
   54.10      0.3664E-02
   54.20      0.3634E-02
   54.30      0.3601E-02
   54.40      0.3561E-02
   54.50      0.3515E-02
   54.60      0.3459E-02
   54.70      0.3395E-02
   54.80      0.3321E-02
   54.90      0.3240E-02
   55.00      0.3151E-02
   55.10      0.3058E-02
   55.20      0.2962E-02
   55.30      0.2866E-02
   55.40      0.2774E-02
   55.50      0.2687E-02
   55.60      0.2607E-02
   55.70      0.2536E-02
   55.80      0.2474E-02
   55.90      0.2421E-02
   56.00      0.2377E-02
   56.10      0.2340E-02
   56.20      0.2307E-02
   56.30      0.2278E-02
   56.40      0.2250E-02
   56.50      0.2222E-02
   56.60      0.2191E-02
   56.70      0.2156E-02
   56.80      0.2118E-02
   56.90      0.2076E-02
   57.00      0.2031E-02
   57.10      0.1984E-02
   57.20      0.1935E-02
   57.30      0.1886E-02
   57.40      0.1838E-02
   57.50      0.1792E-02
   57.60      0.1748E-02
   57.70      0.1706E-02
   57.80      0.1667E-02
   57.90      0.1630E-02
   58.00      0.1595E-02
   58.10      0.1561E-02
   58.20      0.1528E-02
   58.30      0.1495E-02
   58.40      0.1463E-02
   58.50      0.1431E-02
   58.60      0.1400E-02
   58.70      0.1370E-02
   58.80      0.1343E-02
   58.90      0.1319E-02
   59.00      0.1299E-02
   59.10      0.1283E-02
   59.20      0.1272E-02
   59.30      0.1264E-02
   59.40      0.1260E-02
   59.50      0.1257E-02
   59.60      0.1255E-02
   59.70      0.1253E-02
   59.80      0.1247E-02
   59.90      0.1238E-02
   60.00      0.1223E-02
   60.10      0.1203E-02
   60.20      0.1176E-02
   60.30      0.1144E-02
   60.40      0.1107E-02
   60.50      0.1066E-02
   60.60      0.1023E-02
   60.70      0.9795E-03
   60.80      0.9377E-03
   60.90      0.8988E-03
   61.00      0.8643E-03
   61.10      0.8349E-03
   61.20      0.8109E-03
   61.30      0.7922E-03
   61.40      0.7782E-03
   61.50      0.7680E-03
   61.60      0.7604E-03
   61.70      0.7543E-03
   61.80      0.7483E-03
   61.90      0.7415E-03
   62.00      0.7332E-03
   62.10      0.7230E-03
   62.20      0.7109E-03
   62.30      0.6971E-03
   62.40      0.6822E-03
   62.50      0.6668E-03
   62.60      0.6517E-03
   62.70      0.6375E-03
   62.80      0.6247E-03
   62.90      0.6133E-03
   63.00      0.6035E-03
   63.10      0.5949E-03
   63.20      0.5869E-03
   63.30      0.5789E-03
   63.40      0.5702E-03
   63.50      0.5602E-03
   63.60      0.5485E-03
   63.70      0.5348E-03
   63.80      0.5193E-03
   63.90      0.5024E-03
   64.00      0.4847E-03
   64.10      0.4672E-03
   64.20      0.4506E-03
   64.30      0.4361E-03
   64.40      0.4244E-03
   64.50      0.4161E-03
   64.60      0.4114E-03
   64.70      0.4101E-03
   64.80      0.4118E-03
   64.90      0.4156E-03
   65.00      0.4205E-03
   65.10      0.4252E-03
   65.20      0.4285E-03
   65.30      0.4292E-03
   65.40      0.4265E-03
   65.50      0.4199E-03
   65.60      0.4092E-03
   65.70      0.3947E-03
   65.80      0.3769E-03
   65.90      0.3568E-03
   66.00      0.3356E-03
   66.10      0.3145E-03
   66.20      0.2946E-03
   66.30      0.2770E-03
   66.40      0.2623E-03
   66.50      0.2510E-03
   66.60      0.2432E-03
   66.70      0.2386E-03
   66.80      0.2365E-03
   66.90      0.2363E-03
   67.00      0.2371E-03
   67.10      0.2381E-03
   67.20      0.2384E-03
   67.30      0.2377E-03
   67.40      0.2356E-03
   67.50      0.2322E-03
   67.60      0.2276E-03
   67.70      0.2223E-03
   67.80      0.2170E-03
   67.90      0.2122E-03
   68.00      0.2084E-03
   68.10      0.2061E-03
   68.20      0.2055E-03
   68.30      0.2065E-03
   68.40      0.2087E-03
   68.50      0.2117E-03
   68.60      0.2149E-03
   68.70      0.2174E-03
   68.80      0.2185E-03
   68.90      0.2178E-03
   69.00      0.2147E-03
   69.10      0.2092E-03
   69.20      0.2015E-03
   69.30      0.1919E-03
   69.40      0.1812E-03
   69.50      0.1703E-03
   69.60      0.1599E-03
   69.70      0.1509E-03
   69.80      0.1441E-03
   69.90      0.1399E-03
   70.00      0.1386E-03
   70.10      0.1401E-03
   70.20      0.1438E-03
   70.30      0.1492E-03
   70.40      0.1554E-03
   70.50      0.1614E-03
   70.60      0.1662E-03
   70.70      0.1692E-03
   70.80      0.1696E-03
   70.90      0.1671E-03
   71.00      0.1618E-03
   71.10      0.1539E-03
   71.20      0.1440E-03
   71.30      0.1328E-03
   71.40      0.1212E-03
   71.50      0.1101E-03
   71.60      0.1003E-03
   71.70      0.9246E-04
   71.80      0.8689E-04
   71.90      0.8373E-04
   72.00      0.8281E-04
   72.10      0.8375E-04
   72.20      0.8596E-04
   72.30      0.8878E-04
   72.40      0.9150E-04
   72.50      0.9354E-04
   72.60      0.9443E-04
   72.70      0.9393E-04
   72.80      0.9203E-04
   72.90      0.8895E-04
   73.00      0.8509E-04
   73.10      0.8098E-04
   73.20      0.7722E-04
   73.30      0.7436E-04
   73.40      0.7286E-04
   73.50      0.7299E-04
   73.60      0.7480E-04
   73.70      0.7813E-04
   73.80      0.8259E-04
   73.90      0.8761E-04
   74.00      0.9252E-04
   74.10      0.9665E-04
   74.20      0.9936E-04
   74.30      0.1002E-03
   74.40      0.9878E-04
   74.50      0.9518E-04
   74.60      0.8958E-04
   74.70      0.8243E-04
   74.80      0.7436E-04
   74.90      0.6612E-04
   75.00      0.5848E-04
   75.10      0.5215E-04
   75.20      0.4769E-04
   75.30      0.4544E-04
   75.40      0.4551E-04
   75.50      0.4773E-04
   75.60      0.5169E-04
   75.70      0.5678E-04
   75.80      0.6228E-04
   75.90      0.6741E-04
   76.00      0.7147E-04
   76.10      0.7386E-04
   76.20      0.7421E-04
   76.30      0.7237E-04
   76.40      0.6845E-04
   76.50      0.6279E-04
   76.60      0.5594E-04
   76.70      0.4855E-04
   76.80      0.4133E-04
   76.90      0.3494E-04
   77.00      0.2994E-04
   77.10      0.2669E-04
   77.20      0.2535E-04
   77.30      0.2583E-04
   77.40      0.2784E-04
   77.50      0.3092E-04
   77.60      0.3450E-04
   77.70      0.3798E-04
   77.80      0.4080E-04
   77.90      0.4253E-04
   78.00      0.4289E-04
   78.10      0.4182E-04
   78.20      0.3946E-04
   78.30      0.3613E-04
   78.40      0.3232E-04
   78.50      0.2858E-04
   78.60      0.2545E-04
   78.70      0.2343E-04
   78.80      0.2287E-04
   78.90      0.2395E-04
   79.00      0.2662E-04
   79.10      0.3065E-04
   79.20      0.3561E-04
   79.30      0.4093E-04
   79.40      0.4600E-04
   79.50      0.5020E-04
   79.60      0.5302E-04
   79.70      0.5406E-04
   79.80      0.5317E-04
   79.90      0.5038E-04
   80.00      0.4595E-04
   80.10      0.4034E-04
   80.20      0.3413E-04
   80.30      0.2798E-04
   80.40      0.2253E-04
   80.50      0.1835E-04
   80.60      0.1585E-04
   80.70      0.1524E-04
   80.80      0.1650E-04
   80.90      0.1941E-04
   81.00      0.2355E-04
   81.10      0.2836E-04
   81.20      0.3320E-04
   81.30      0.3746E-04
   81.40      0.4059E-04
   81.50      0.4218E-04
   81.60      0.4201E-04
   81.70      0.4010E-04
   81.80      0.3663E-04
   81.90      0.3201E-04
   82.00      0.2675E-04
   82.10      0.2144E-04
   82.20      0.1667E-04
   82.30      0.1293E-04
   82.40      0.1061E-04
   82.50      0.9898E-05
   82.60      0.1078E-04
   82.70      0.1306E-04
   82.80      0.1636E-04
   82.90      0.2020E-04
   83.00      0.2403E-04
   83.10      0.2734E-04
   83.20      0.2967E-04
   83.30      0.3071E-04
   83.40      0.3033E-04
   83.50      0.2858E-04
   83.60      0.2570E-04
   83.70      0.2208E-04
   83.80      0.1821E-04
   83.90      0.1463E-04
   84.00      0.1182E-04
   84.10      0.1020E-04
   84.20      0.1002E-04
   84.30      0.1137E-04
   84.40      0.1413E-04
   84.50      0.1801E-04
   84.60      0.2257E-04
   84.70      0.2728E-04
   84.80      0.3159E-04
   84.90      0.3496E-04
   85.00      0.3698E-04
   85.10      0.3738E-04
   85.20      0.3610E-04
   85.30      0.3325E-04
   85.40      0.2913E-04
   85.50      0.2420E-04
   85.60      0.1901E-04
   85.70      0.1412E-04
   85.80      0.1007E-04
   85.90      0.7302E-05
   86.00      0.6080E-05
   86.10      0.6499E-05
   86.20      0.8454E-05
   86.30      0.1166E-04
   86.40      0.1568E-04
   86.50      0.2000E-04
   86.60      0.2406E-04
   86.70      0.2734E-04
   86.80      0.2944E-04
   86.90      0.3009E-04
   87.00      0.2920E-04
   87.10      0.2687E-04
   87.20      0.2339E-04
   87.30      0.1917E-04
   87.40      0.1470E-04
   87.50      0.1051E-04
   87.60      0.7086E-05
   87.70      0.4806E-05
   87.80      0.3910E-05
   87.90      0.4459E-05
   88.00      0.6340E-05
   88.10      0.9272E-05
   88.20      0.1285E-04
   88.30      0.1659E-04
   88.40      0.2000E-04
   88.50      0.2264E-04
   88.60      0.2415E-04
   88.70      0.2434E-04
   88.80      0.2318E-04
   88.90      0.2082E-04
   89.00      0.1757E-04
   89.10      0.1383E-04
   89.20      0.1010E-04
   89.30      0.6858E-05
   89.40      0.4535E-05
   89.50      0.3451E-05
   89.60      0.3771E-05
   89.70      0.5491E-05
   89.80      0.8431E-05
   89.90      0.1226E-04
   90.00      0.1653E-04
   90.10      0.2075E-04
   90.20      0.2440E-04
   90.30      0.2707E-04
   90.40      0.2842E-04
   90.50      0.2829E-04
   90.60      0.2670E-04
   90.70      0.2382E-04
   90.80      0.2000E-04
   90.90      0.1568E-04
   91.00      0.1136E-04
   91.10      0.7548E-05
   91.20      0.4675E-05
   91.30      0.3060E-05
   91.40      0.2868E-05
   91.50      0.4090E-05
   91.60      0.6548E-05
   91.70      0.9913E-05
   91.80      0.1375E-04
   91.90      0.1758E-04
   92.00      0.2091E-04
   92.10      0.2333E-04
   92.20      0.2453E-04
   92.30      0.2438E-04
   92.40      0.2289E-04
   92.50      0.2023E-04
   92.60      0.1675E-04
   92.70      0.1286E-04
   92.80      0.9033E-05
   92.90      0.5735E-05
   93.00      0.3358E-05
   93.10      0.2179E-05
   93.20      0.2326E-05
   93.30      0.3761E-05
   93.40      0.6290E-05
   93.50      0.9582E-05
   93.60      0.1322E-04
   93.70      0.1673E-04
   93.80      0.1968E-04
   93.90      0.2169E-04
   94.00      0.2252E-04
   94.10      0.2206E-04
   94.20      0.2037E-04
   94.30      0.1767E-04
   94.40      0.1429E-04
   94.50      0.1067E-04
   94.60      0.7261E-05
   94.70      0.4503E-05
   94.80      0.2750E-05
   94.90      0.2235E-05
   95.00      0.3039E-05
   95.10      0.5081E-05
   95.20      0.8126E-05
   95.30      0.1182E-04
   95.40      0.1571E-04
   95.50      0.1935E-04
   95.60      0.2229E-04
   95.70      0.2418E-04
   95.80      0.2480E-04
   95.90      0.2406E-04
   96.00      0.2206E-04
   96.10      0.1904E-04
   96.20      0.1535E-04
   96.30      0.1144E-04
   96.40      0.7776E-05
   96.50      0.4778E-05
   96.60      0.2798E-05
   96.70      0.2057E-05
   96.80      0.2623E-05
   96.90      0.4405E-05
   97.00      0.7166E-05
   97.10      0.1055E-04
   97.20      0.1412E-04
   97.30      0.1744E-04
   97.40      0.2008E-04
   97.50      0.2173E-04
   97.60      0.2216E-04
   97.70      0.2134E-04
   97.80      0.1936E-04
   97.90      0.1647E-04
   98.00      0.1302E-04
   98.10      0.9442E-05
   98.20      0.6171E-05
   98.30      0.3607E-05
   98.40      0.2060E-05
   98.50      0.1714E-05
   98.60      0.2606E-05
   98.70      0.4616E-05
   98.80      0.7490E-05
   98.90      0.1087E-04
   99.00      0.1432E-04
   99.10      0.1742E-04
   99.20      0.1979E-04
   99.30      0.2111E-04
   99.40      0.2124E-04
   99.50      0.2015E-04
   99.60      0.1797E-04
   99.70      0.1497E-04
   99.80      0.1153E-04
   99.90      0.8061E-05
   100.0      0.4997E-05
   100.1      0.2717E-05
   100.2      0.1503E-05
   100.3      0.1508E-05
   100.4      0.2736E-05
   100.5      0.5039E-05
   100.6      0.8141E-05
   100.7      0.1166E-04
   100.8      0.1518E-04
   100.9      0.1827E-04
   101.0      0.2055E-04
   101.1      0.2176E-04
   101.2      0.2174E-04
   101.3      0.2050E-04
   101.4      0.1820E-04
   101.5      0.1512E-04
   101.6      0.1164E-04
   101.7      0.8170E-05
   101.8      0.5144E-05
   101.9      0.2921E-05
   102.0      0.1766E-05
   102.1      0.1810E-05
   102.2      0.3037E-05
   102.3      0.5286E-05
   102.4      0.8272E-05
   102.5      0.1162E-04
   102.6      0.1491E-04
   102.7      0.1773E-04
   102.8      0.1973E-04
   102.9      0.2066E-04
   103.0      0.2041E-04
   103.1      0.1901E-04
   103.2      0.1662E-04
   103.3      0.1354E-04
   103.4      0.1015E-04
   103.5      0.6859E-05
   103.6      0.4075E-05
   103.7      0.2134E-05
   103.8      0.1273E-05
   103.9      0.1594E-05
   104.0      0.3054E-05
   104.1      0.5469E-05
   104.2      0.8540E-05
   104.3      0.1189E-04
   104.4      0.1510E-04
   104.5      0.1778E-04
   104.6      0.1959E-04
   104.7      0.2033E-04
   104.8      0.1989E-04
   104.9      0.1833E-04
   105.0      0.1586E-04
   105.1      0.1276E-04
   105.2      0.9439E-05
   105.3      0.6291E-05
   105.4      0.3708E-05
   105.5      0.2010E-05
   105.6      0.1406E-05
   105.7      0.1970E-05
   105.8      0.3635E-05
   105.9      0.6195E-05
   106.0      0.9337E-05
   106.1      0.1268E-04
   106.2      0.1580E-04
   106.3      0.1833E-04
   106.4      0.1995E-04
   106.5      0.2047E-04
   106.6      0.1981E-04
   106.7      0.1807E-04
   106.8      0.1545E-04
   106.9      0.1227E-04
   107.0      0.8926E-05
   107.1      0.5813E-05
   107.2      0.3313E-05
   107.3      0.1727E-05
   107.4      0.1243E-05
   107.5      0.1913E-05
   107.6      0.3650E-05
   107.7      0.6233E-05
   107.8      0.9341E-05
   107.9      0.1259E-04
   108.0      0.1557E-04
   108.1      0.1792E-04
   108.2      0.1935E-04
   108.3      0.1968E-04
   108.4      0.1888E-04
   108.5      0.1704E-04
   108.6      0.1439E-04
   108.7      0.1126E-04
   108.8      0.8042E-05
   108.9      0.5124E-05
   109.0      0.2868E-05
   109.1      0.1554E-05
   109.2      0.1341E-05
   109.3      0.2258E-05
   109.4      0.4189E-05
   109.5      0.6899E-05
   109.6      0.1005E-04
   109.7      0.1326E-04
   109.8      0.1613E-04
   109.9      0.1832E-04
   110.0      0.1954E-04
   110.1      0.1965E-04
   110.2      0.1864E-04
   110.3      0.1663E-04
   110.4      0.1386E-04
   110.5      0.1069E-04
   110.6      0.7483E-05
   110.7      0.4646E-05
   110.8      0.2520E-05
   110.9      0.1366E-05
   111.0      0.1321E-05
   111.1      0.2389E-05
   111.2      0.4435E-05
   111.3      0.7205E-05
   111.4      0.1036E-04
   111.5      0.1350E-04
   111.6      0.1626E-04
   111.7      0.1828E-04
   111.8      0.1932E-04
   111.9      0.1925E-04
   112.0      0.1808E-04
   112.1      0.1596E-04
   112.2      0.1315E-04
   112.3      0.9988E-05
   112.4      0.6871E-05
   112.5      0.4180E-05
   112.6      0.2246E-05
   112.7      0.1305E-05
   112.8      0.1473E-05
   112.9      0.2728E-05
   113.0      0.4916E-05
   113.1      0.7766E-05
   113.2      0.1093E-04
   113.3      0.1402E-04
   113.4      0.1665E-04
   113.5      0.1850E-04
   113.6      0.1934E-04
   113.7      0.1908E-04
   113.8      0.1773E-04
   113.9      0.1548E-04
   114.0      0.1259E-04
   114.1      0.9413E-05
   114.2      0.6348E-05
   114.3      0.3765E-05
   114.4      0.1981E-05
   114.5      0.1212E-05
   114.6      0.1550E-05
   114.7      0.2953E-05
   114.8      0.5245E-05
   114.9      0.8142E-05
   115.0      0.1129E-04
   115.1      0.1430E-04
   115.2      0.1679E-04
   115.3      0.1847E-04
   115.4      0.1913E-04
   115.5      0.1869E-04
   115.6      0.1720E-04
   115.7      0.1484E-04
   115.8      0.1192E-04
   115.9      0.8781E-05
   116.0      0.5820E-05
   116.1      0.3400E-05
   116.2      0.1821E-05
   116.3      0.1276E-05
   116.4      0.1835E-05
   116.5      0.3430E-05
   116.6      0.5865E-05
   116.7      0.8843E-05
   116.8      0.1200E-04
   116.9      0.1494E-04
   117.0      0.1732E-04
   117.1      0.1883E-04
   117.2      0.1929E-04
   117.3      0.1865E-04
   117.4      0.1698E-04
   117.5      0.1448E-04
   117.6      0.1148E-04
   117.7      0.8319E-05
   117.8      0.5399E-05
   117.9      0.3074E-05
   118.0      0.1627E-05
   118.1      0.1233E-05
   118.2      0.1939E-05
   118.3      0.3656E-05
   118.4      0.6171E-05
   118.5      0.9173E-05
   118.6      0.1229E-04
   118.7      0.1514E-04
   118.8      0.1737E-04
   118.9      0.1871E-04
   119.0      0.1899E-04
   119.1      0.1818E-04
   119.2      0.1638E-04
   119.3      0.1380E-04
   119.4      0.1078E-04
   119.5      0.7673E-05
   119.6      0.4872E-05
   119.7      0.2720E-05
   119.8      0.1484E-05
   119.9      0.1317E-05
   120.0      0.2240E-05
   120.1      0.4143E-05
   120.2      0.6791E-05
   120.3      0.9862E-05
   120.4      0.1298E-04
   120.5      0.1576E-04
   120.6      0.1786E-04
   120.7      0.1902E-04
   120.8      0.1911E-04
   120.9      0.1810E-04
   121.0      0.1613E-04
   121.1      0.1343E-04
   121.2      0.1034E-04
   121.3      0.7226E-05
   121.4      0.4479E-05
   121.5      0.2432E-05
   121.6      0.1335E-05
   121.7      0.1321E-05
   121.8      0.2390E-05
   121.9      0.4410E-05
   122.0      0.7131E-05
   122.1      0.1022E-04
   122.2      0.1329E-04
   122.3      0.1597E-04
   122.4      0.1792E-04
   122.5      0.1891E-04
   122.6      0.1881E-04
   122.7      0.1764E-04
   122.8      0.1554E-04
   122.9      0.1277E-04
   123.0      0.9673E-05
   123.1      0.6626E-05
   123.2      0.4008E-05
   123.3      0.2144E-05
   123.4      0.1265E-05
   123.5      0.1482E-05
   123.6      0.2769E-05
   123.7      0.4973E-05
   123.8      0.7823E-05
   123.9      0.1097E-04
   124.0      0.1404E-04
   124.1      0.1664E-04
   124.2      0.1846E-04
   124.3      0.1928E-04
   124.4      0.1899E-04
   124.5      0.1764E-04
   124.6      0.1538E-04
   124.7      0.1249E-04
   124.8      0.9338E-05
   124.9      0.6297E-05
   125.0      0.3742E-05
   125.1      0.1989E-05
   125.2      0.1251E-05
   125.3      0.1618E-05
   125.4      0.3045E-05
   125.5      0.5355E-05
   125.6      0.8264E-05
   125.7      0.1141E-04
   125.8      0.1441E-04
   125.9      0.1690E-04
   126.0      0.1856E-04
   126.1      0.1919E-04
   126.2      0.1871E-04
   126.3      0.1719E-04
   126.4      0.1480E-04
   126.5      0.1185E-04
   126.6      0.8693E-05
   126.7      0.5722E-05
   126.8      0.3302E-05
   126.9      0.1736E-05
   127.0      0.1216E-05
   127.1      0.1811E-05
   127.2      0.3450E-05
   127.3      0.5933E-05
   127.4      0.8959E-05
   127.5      0.1216E-04
   127.6      0.1514E-04
   127.7      0.1753E-04
   127.8      0.1905E-04
   127.9      0.1950E-04
   128.0      0.1883E-04
   128.1      0.1712E-04
   128.2      0.1458E-04
   128.3      0.1153E-04
   128.4      0.8328E-05
   128.5      0.5380E-05
   128.6      0.3044E-05
   128.7      0.1607E-05
   128.8      0.1249E-05
   128.9      0.2012E-05
   129.0      0.3804E-05
   129.1      0.6405E-05
   129.2      0.9497E-05
   129.3      0.1270E-04
   129.4      0.1562E-04
   129.5      0.1790E-04
   129.6      0.1925E-04
   129.7      0.1952E-04
   129.8      0.1866E-04
   129.9      0.1679E-04
   130.0      0.1413E-04
   130.1      0.1101E-04
   130.2      0.7817E-05
   130.3      0.4946E-05
   130.4      0.2752E-05
   130.5      0.1507E-05
   130.6      0.1369E-05
   130.7      0.2358E-05
   130.8      0.4356E-05
   130.9      0.7121E-05
   131.0      0.1032E-04
   131.1      0.1355E-04
   131.2      0.1643E-04
   131.3      0.1859E-04
   131.4      0.1978E-04
   131.5      0.1985E-04
   131.6      0.1878E-04
   131.7      0.1671E-04
   131.8      0.1389E-04
   131.9      0.1066E-04
   132.0      0.7425E-05
   132.1      0.4578E-05
   132.2      0.2469E-05
   132.3      0.1360E-05
   132.4      0.1387E-05
   132.5      0.2548E-05
   132.6      0.4703E-05
   132.7      0.7589E-05
   132.8      0.1085E-04
   132.9      0.1409E-04
   133.0      0.1691E-04
   133.1      0.1896E-04
   133.2      0.1999E-04
   133.3      0.1987E-04
   133.4      0.1862E-04
   133.5      0.1639E-04
   133.6      0.1345E-04
   133.7      0.1018E-04
   133.8      0.6959E-05
   133.9      0.4203E-05
   134.0      0.2250E-05
   134.1      0.1344E-05
   134.2      0.1601E-05
   134.3      0.2995E-05
   134.4      0.5359E-05
   134.5      0.8407E-05
   134.6      0.1177E-04
   134.7      0.1503E-04
   134.8      0.1780E-04
   134.9      0.1973E-04
   135.0      0.2059E-04
   135.1      0.2026E-04
   135.2      0.1880E-04
   135.3      0.1637E-04
   135.4      0.1328E-04
   135.5      0.9895E-05
   135.6      0.6643E-05
   135.7      0.3921E-05
   135.8      0.2064E-05
   135.9      0.1303E-05
   136.0      0.1733E-05
   136.1      0.3304E-05
   136.2      0.5826E-05
   136.3      0.8991E-05
   136.4      0.1241E-04
   136.5      0.1567E-04
   136.6      0.1836E-04
   136.7      0.2016E-04
   136.8      0.2084E-04
   136.9      0.2032E-04
   137.0      0.1867E-04
   137.1      0.1607E-04
   137.2      0.1286E-04
   137.3      0.9431E-05
   137.4      0.6202E-05
   137.5      0.3576E-05
   137.6      0.1881E-05
   137.7      0.1328E-05
   137.8      0.1991E-05
   137.9      0.3795E-05
   138.0      0.6523E-05
   138.1      0.9844E-05
   138.2      0.1335E-04
   138.3      0.1662E-04
   138.4      0.1925E-04
   138.5      0.2091E-04
   138.6      0.2141E-04
   138.7      0.2067E-04
   138.8      0.1880E-04
   138.9      0.1601E-04
   139.0      0.1265E-04
   139.1      0.9134E-05
   139.2      0.5895E-05
   139.3      0.3333E-05
   139.4      0.1768E-05
   139.5      0.1395E-05
   139.6      0.2265E-05
   139.7      0.4277E-05
   139.8      0.7188E-05
   139.9      0.1064E-04
   140.0      0.1422E-04
   140.1      0.1749E-04
   140.2      0.2004E-04
   140.3      0.2156E-04
   140.4      0.2187E-04
   140.5      0.2093E-04
   140.6      0.1884E-04
   140.7      0.1587E-04
   140.8      0.1239E-04
   140.9      0.8811E-05
   141.0      0.5592E-05
   141.1      0.3127E-05
   141.2      0.1725E-05
   141.3      0.1563E-05
   141.4      0.2669E-05
   141.5      0.4913E-05
   141.6      0.8024E-05
   141.7      0.1163E-04
   141.8      0.1528E-04
   141.9      0.1853E-04
   142.0      0.2099E-04
   142.1      0.2236E-04
   142.2      0.2245E-04
   142.3      0.2126E-04
   142.4      0.1894E-04
   142.5      0.1576E-04
   142.6      0.1212E-04
   142.7      0.8467E-05
   142.8      0.5248E-05
   142.9      0.2866E-05
   143.0      0.1619E-05
   143.1      0.1665E-05
   143.2      0.3005E-05
   143.3      0.5482E-05
   143.4      0.8796E-05
   143.5      0.1255E-04
   143.6      0.1627E-04
   143.7      0.1952E-04
   143.8      0.2189E-04
   143.9      0.2309E-04
   144.0      0.2297E-04
   144.1      0.2155E-04
   144.2      0.1899E-04
   144.3      0.1561E-04
   144.4      0.1182E-04
   144.5      0.8104E-05
   144.6      0.4906E-05
   144.7      0.2632E-05
   144.8      0.1566E-05
   144.9      0.1850E-05
   145.0      0.3455E-05
   145.1      0.6194E-05
   145.2      0.9739E-05
   145.3      0.1366E-04
   145.4      0.1748E-04
   145.5      0.2073E-04
   145.6      0.2302E-04
   145.7      0.2406E-04
   145.8      0.2372E-04
   145.9      0.2204E-04
   146.0      0.1924E-04
   146.1      0.1564E-04
   146.2      0.1170E-04
   146.3      0.7900E-05
   146.4      0.4710E-05
   146.5      0.2530E-05
   146.6      0.1635E-05
   146.7      0.2144E-05
   146.8      0.4002E-05
   146.9      0.6990E-05
   147.0      0.1075E-04
   147.1      0.1482E-04
   147.2      0.1871E-04
   147.3      0.2194E-04
   147.4      0.2411E-04
   147.5      0.2496E-04
   147.6      0.2438E-04
   147.7      0.2243E-04
   147.8      0.1936E-04
   147.9      0.1553E-04
   148.0      0.1143E-04
   148.1      0.7549E-05
   148.2      0.4377E-05
   148.3      0.2309E-05
   148.4      0.1609E-05
   148.5      0.2372E-05
   148.6      0.4514E-05
   148.7      0.7783E-05
   148.8      0.1179E-04
   148.9      0.1604E-04
   149.0      0.2002E-04
   149.1      0.2325E-04
   149.2      0.2532E-04
   149.3      0.2599E-04
   149.4      0.2517E-04
   149.5      0.2295E-04
   149.6      0.1961E-04
   149.7      0.1556E-04
   149.8      0.1130E-04
   149.9      0.7354E-05
   150.0      0.4218E-05
   150.1      0.2285E-05
   150.2      0.1804E-05
   150.3      0.2846E-05
   150.4      0.5297E-05
   150.5      0.8866E-05
   150.6      0.1312E-04
   150.7      0.1756E-04
   150.8      0.2162E-04
   150.9      0.2483E-04
   151.0      0.2677E-04
   151.1      0.2722E-04
   151.2      0.2611E-04
   151.3      0.2357E-04
   151.4      0.1991E-04
   151.5      0.1559E-04
   151.6      0.1113E-04
   151.7      0.7083E-05
   151.8      0.3957E-05
   151.9      0.2145E-05
   152.0      0.1882E-05
   152.1      0.3212E-05
   152.2      0.5988E-05
   152.3      0.9879E-05
   152.4      0.1442E-04
   152.5      0.1906E-04
   152.6      0.2324E-04
   152.7      0.2644E-04
   152.8      0.2827E-04
   152.9      0.2851E-04
   153.0      0.2712E-04
   153.1      0.2427E-04
   153.2      0.2030E-04
   153.3      0.1572E-04
   153.4      0.1107E-04
   153.5      0.6950E-05
   153.6      0.3863E-05
   153.7      0.2207E-05
   153.8      0.2199E-05
   153.9      0.3858E-05
   154.0      0.6996E-05
   154.1      0.1124E-04
   154.2      0.1609E-04
   154.3      0.2095E-04
   154.4      0.2524E-04
   154.5      0.2842E-04
   154.6      0.3011E-04
   154.7      0.3009E-04
   154.8      0.2836E-04
   154.9      0.2514E-04
   155.0      0.2080E-04
   155.1      0.1589E-04
   155.2      0.1100E-04
   155.3      0.6750E-05
   155.4      0.3666E-05
   155.5      0.2143E-05
   155.6      0.2383E-05
   155.7      0.4375E-05
   155.8      0.7893E-05
   155.9      0.1252E-04
   156.0      0.1770E-04
   156.1      0.2281E-04
   156.2      0.2723E-04
   156.3      0.3042E-04
   156.4      0.3198E-04
   156.5      0.3172E-04
   156.6      0.2967E-04
   156.7      0.2607E-04
   156.8      0.2137E-04
   156.9      0.1615E-04
   157.0      0.1105E-04
   157.1      0.6712E-05
   157.2      0.3682E-05
   157.3      0.2354E-05
   157.4      0.2913E-05
   157.5      0.5313E-05
   157.6      0.9282E-05
   157.7      0.1435E-04
   157.8      0.1992E-04
   157.9      0.2532E-04
   158.0      0.2988E-04
   158.1      0.3306E-04
   158.2      0.3445E-04
   158.3      0.3388E-04
   158.4      0.3142E-04
   158.5      0.2736E-04
   158.6      0.2219E-04
   158.7      0.1656E-04
   158.8      0.1114E-04
   158.9      0.6631E-05
   159.0      0.3590E-05
   159.1      0.2414E-05
   159.2      0.3272E-05
   159.3      0.6083E-05
   159.4      0.1053E-04
   159.5      0.1608E-04
   159.6      0.2208E-04
   159.7      0.2781E-04
   159.8      0.3256E-04
   159.9      0.3576E-04
   160.0      0.3701E-04
   160.1      0.3615E-04
   160.2      0.3328E-04
   160.3      0.2876E-04
   160.4      0.2312E-04
   160.5      0.1707E-04
   160.6      0.1136E-04
   160.7      0.6702E-05
   160.8      0.3697E-05
   160.9      0.2739E-05
   161.0      0.3978E-05
   161.1      0.7294E-05
   161.2      0.1231E-04
   161.3      0.1845E-04
   161.4      0.2496E-04
   161.5      0.3108E-04
   161.6      0.3606E-04
   161.7      0.3929E-04
   161.8      0.4037E-04
   161.9      0.3916E-04
   162.0      0.3580E-04
   162.1      0.3070E-04
   162.2      0.2447E-04
   162.3      0.1788E-04
   162.4      0.1176E-04
   162.5      0.6865E-05
   162.6      0.3829E-05
   162.7      0.3054E-05
   162.8      0.4672E-05
   162.9      0.8523E-05
   163.0      0.1417E-04
   163.1      0.2095E-04
   163.2      0.2807E-04
   163.3      0.3466E-04
   163.4      0.3993E-04
   163.5      0.4324E-04
   163.6      0.4417E-04
   163.7      0.4260E-04
   163.8      0.3871E-04
   163.9      0.3298E-04
   164.0      0.2611E-04
   164.1      0.1894E-04
   164.2      0.1238E-04
   164.3      0.7239E-05
   164.4      0.4199E-05
   164.5      0.3673E-05
   164.6      0.5773E-05
   164.7      0.1029E-04
   164.8      0.1673E-04
   164.9      0.2433E-04
   165.0      0.3220E-04
   165.1      0.3940E-04
   165.2      0.4507E-04
   165.3      0.4850E-04
   165.4      0.4927E-04
   165.5      0.4729E-04
   165.6      0.4277E-04
   165.7      0.3626E-04
   165.8      0.2855E-04
   165.9      0.2060E-04
   166.0      0.1339E-04
   166.1      0.7840E-05
   166.2      0.4667E-05
   166.3      0.4311E-05
   166.4      0.6874E-05
   166.5      0.1210E-04
   166.6      0.1941E-04
   166.7      0.2796E-04
   166.8      0.3674E-04
   166.9      0.4472E-04
   167.0      0.5092E-04
   167.1      0.5459E-04
   167.2      0.5528E-04
   167.3      0.5290E-04
   167.4      0.4771E-04
   167.5      0.4036E-04
   167.6      0.3173E-04
   167.7      0.2290E-04
   167.8      0.1496E-04
   167.9      0.8951E-05
   168.0      0.5649E-05
   168.1      0.5535E-05
   168.2      0.8703E-05
   168.3      0.1485E-04
   168.4      0.2330E-04
   168.5      0.3310E-04
   168.6      0.4310E-04
   168.7      0.5213E-04
   168.8      0.5911E-04
   168.9      0.6319E-04
   169.0      0.6387E-04
   169.1      0.6105E-04
   169.2      0.5506E-04
   169.3      0.4662E-04
   169.4      0.3675E-04
   169.5      0.2667E-04
   169.6      0.1765E-04
   169.7      0.1083E-04
   169.8      0.7122E-05
   169.9      0.7068E-05
   170.0      0.1078E-04
   170.1      0.1790E-04
   170.2      0.2768E-04
   170.3      0.3901E-04
   170.4      0.5060E-04
   170.5      0.6109E-04
   170.6      0.6925E-04
   170.7      0.7410E-04
   170.8      0.7505E-04
   170.9      0.7197E-04
   171.0      0.6523E-04
   171.1      0.5564E-04
   171.2      0.4435E-04
   171.3      0.3278E-04
   171.4      0.2237E-04
   171.5      0.1447E-04
   171.6      0.1013E-04
   171.7      0.1002E-04
   171.8      0.1428E-04
   171.9      0.2256E-04
   172.0      0.3400E-04
   172.1      0.4736E-04
   172.2      0.6115E-04
   172.3      0.7378E-04
   172.4      0.8382E-04
   172.5      0.9009E-04
   172.6      0.9184E-04
   172.7      0.8889E-04
   172.8      0.8157E-04
   172.9      0.7078E-04
   173.0      0.5783E-04
   173.1      0.4432E-04
   173.2      0.3194E-04
   173.3      0.2230E-04
   173.4      0.1668E-04
   173.5      0.1594E-04
   173.6      0.2035E-04
   173.7      0.2960E-04
   173.8      0.4280E-04
   173.9      0.5857E-04
   174.0      0.7524E-04
   174.1      0.9098E-04
   174.2      0.1041E-03
   174.3      0.1131E-03
   174.4      0.1170E-03
   174.5      0.1155E-03
   174.6      0.1089E-03
   174.7      0.9789E-04
   174.8      0.8403E-04
   174.9      0.6903E-04
   175.0      0.5482E-04
   175.1      0.4324E-04
   175.2      0.3587E-04
   175.3      0.3380E-04
   175.4      0.3753E-04
   175.5      0.4688E-04
   175.6      0.6103E-04
   175.7      0.7861E-04
   175.8      0.9786E-04
   175.9      0.1168E-03
   176.0      0.1337E-03
   176.1      0.1468E-03
   176.2      0.1551E-03
   176.3      0.1582E-03
   176.4      0.1562E-03
   176.5      0.1501E-03
   176.6      0.1414E-03
   176.7      0.1320E-03
   176.8      0.1238E-03
   176.9      0.1189E-03
   177.0      0.1188E-03
   177.1      0.1246E-03
   177.2      0.1364E-03
   177.3      0.1538E-03
   177.4      0.1755E-03
   177.5      0.1995E-03
   177.6      0.2235E-03
   177.7      0.2449E-03
   177.8      0.2612E-03
   177.9      0.2707E-03
   178.0      0.2719E-03
   178.1      0.2646E-03
   178.2      0.2495E-03
   178.3      0.2284E-03
   178.4      0.2039E-03
   178.5      0.1793E-03
   178.6      0.1582E-03
   178.7      0.1442E-03
   178.8      0.1405E-03
   178.9      0.1496E-03
   179.0      0.1726E-03
   179.1      0.2097E-03
   179.2      0.2594E-03
   179.3      0.3192E-03
   179.4      0.3851E-03
   179.5      0.4528E-03
   179.6      0.5173E-03
   179.7      0.5735E-03
   179.8      0.6173E-03
   179.9      0.6450E-03
   180.0      0.6545E-03
 END
