@s1 linestyle   2
#  Theta       sigma       iT11        T20         T21         T22         Kyy for projectile
   0.000       70.96    
  0.1000       70.81    
  0.2000       70.36    
  0.3000       69.62    
  0.4000       68.60    
  0.5000       67.32    
  0.6000       65.81    
  0.7000       64.08    
  0.8000       62.18    
  0.9000       60.14    
   1.000       58.00    
   1.100       55.79    
   1.200       53.55    
   1.300       51.34    
   1.400       49.20    
   1.500       47.15    
   1.600       45.26    
   1.700       43.56    
   1.800       42.08    
   1.900       40.86    
   2.000       39.92    
   2.100       39.30    
   2.200       39.02    
   2.300       39.08    
   2.400       39.50    
   2.500       40.29    
   2.600       41.43    
   2.700       42.92    
   2.800       44.75    
   2.900       46.89    
   3.000       49.32    
   3.100       52.01    
   3.200       54.91    
   3.300       58.00    
   3.400       61.22    
   3.500       64.52    
   3.600       67.87    
   3.700       71.21    
   3.800       74.48    
   3.900       77.65    
   4.000       80.66    
   4.100       83.46    
   4.200       86.01    
   4.300       88.27    
   4.400       90.21    
   4.500       91.78    
   4.600       92.97    
   4.700       93.76    
   4.800       94.12    
   4.900       94.05    
   5.000       93.54    
   5.100       92.60    
   5.200       91.23    
   5.300       89.45    
   5.400       87.28    
   5.500       84.73    
   5.600       81.85    
   5.700       78.65    
   5.800       75.18    
   5.900       71.47    
   6.000       67.57    
   6.100       63.51    
   6.200       59.34    
   6.300       55.11    
   6.400       50.85    
   6.500       46.62    
   6.600       42.44    
   6.700       38.37    
   6.800       34.44    
   6.900       30.68    
   7.000       27.13    
   7.100       23.81    
   7.200       20.75    
   7.300       17.96    
   7.400       15.48    
   7.500       13.30    
   7.600       11.43    
   7.700       9.889    
   7.800       8.664    
   7.900       7.755    
   8.000       7.152    
   8.100       6.845    
   8.200       6.818    
   8.300       7.053    
   8.400       7.529    
   8.500       8.222    
   8.600       9.109    
   8.700       10.16    
   8.800       11.35    
   8.900       12.65    
   9.000       14.03    
   9.100       15.47    
   9.200       16.92    
   9.300       18.38    
   9.400       19.80    
   9.500       21.17    
   9.600       22.46    
   9.700       23.66    
   9.800       24.73    
   9.900       25.68    
   10.00       26.49    
   10.10       27.13    
   10.20       27.62    
   10.30       27.94    
   10.40       28.09    
   10.50       28.08    
   10.60       27.90    
   10.70       27.56    
   10.80       27.07    
   10.90       26.44    
   11.00       25.67    
   11.10       24.80    
   11.20       23.81    
   11.30       22.75    
   11.40       21.61    
   11.50       20.41    
   11.60       19.18    
   11.70       17.92    
   11.80       16.66    
   11.90       15.40    
   12.00       14.17    
   12.10       12.98    
   12.20       11.84    
   12.30       10.76    
   12.40       9.755    
   12.50       8.829    
   12.60       7.991    
   12.70       7.248    
   12.80       6.603    
   12.90       6.059    
   13.00       5.618    
   13.10       5.279    
   13.20       5.040    
   13.30       4.899    
   13.40       4.851    
   13.50       4.891    
   13.60       5.012    
   13.70       5.209    
   13.80       5.472    
   13.90       5.794    
   14.00       6.164    
   14.10       6.575    
   14.20       7.017    
   14.30       7.480    
   14.40       7.956    
   14.50       8.434    
   14.60       8.906    
   14.70       9.365    
   14.80       9.801    
   14.90       10.21    
   15.00       10.58    
   15.10       10.91    
   15.20       11.20    
   15.30       11.44    
   15.40       11.62    
   15.50       11.75    
   15.60       11.83    
   15.70       11.85    
   15.80       11.81    
   15.90       11.72    
   16.00       11.58    
   16.10       11.38    
   16.20       11.14    
   16.30       10.86    
   16.40       10.54    
   16.50       10.19    
   16.60       9.806    
   16.70       9.400    
   16.80       8.976    
   16.90       8.538    
   17.00       8.092    
   17.10       7.644    
   17.20       7.198    
   17.30       6.758    
   17.40       6.330    
   17.50       5.917    
   17.60       5.523    
   17.70       5.151    
   17.80       4.804    
   17.90       4.485    
   18.00       4.195    
   18.10       3.935    
   18.20       3.708    
   18.30       3.512    
   18.40       3.349    
   18.50       3.218    
   18.60       3.118    
   18.70       3.048    
   18.80       3.007    
   18.90       2.993    
   19.00       3.003    
   19.10       3.036    
   19.20       3.089    
   19.30       3.160    
   19.40       3.246    
   19.50       3.343    
   19.60       3.450    
   19.70       3.563    
   19.80       3.680    
   19.90       3.799    
   20.00       3.915    
   20.10       4.028    
   20.20       4.135    
   20.30       4.233    
   20.40       4.322    
   20.50       4.399    
   20.60       4.463    
   20.70       4.513    
   20.80       4.548    
   20.90       4.568    
   21.00       4.572    
   21.10       4.560    
   21.20       4.532    
   21.30       4.488    
   21.40       4.430    
   21.50       4.357    
   21.60       4.271    
   21.70       4.173    
   21.80       4.064    
   21.90       3.945    
   22.00       3.818    
   22.10       3.684    
   22.20       3.544    
   22.30       3.400    
   22.40       3.254    
   22.50       3.106    
   22.60       2.959    
   22.70       2.813    
   22.80       2.671    
   22.90       2.532    
   23.00       2.398    
   23.10       2.271    
   23.20       2.150    
   23.30       2.037    
   23.40       1.932    
   23.50       1.835    
   23.60       1.748    
   23.70       1.669    
   23.80       1.600    
   23.90       1.540    
   24.00       1.489    
   24.10       1.447    
   24.20       1.414    
   24.30       1.389    
   24.40       1.371    
   24.50       1.360    
   24.60       1.356    
   24.70       1.357    
   24.80       1.364    
   24.90       1.374    
   25.00       1.389    
   25.10       1.406    
   25.20       1.425    
   25.30       1.446    
   25.40       1.467    
   25.50       1.488    
   25.60       1.509    
   25.70       1.528    
   25.80       1.545    
   25.90       1.560    
   26.00       1.572    
   26.10       1.582    
   26.20       1.587    
   26.30       1.590    
   26.40       1.588    
   26.50       1.582    
   26.60       1.573    
   26.70       1.559    
   26.80       1.541    
   26.90       1.520    
   27.00       1.495    
   27.10       1.467    
   27.20       1.435    
   27.30       1.401    
   27.40       1.364    
   27.50       1.325    
   27.60       1.284    
   27.70       1.242    
   27.80       1.199    
   27.90       1.154    
   28.00       1.110    
   28.10       1.066    
   28.20       1.022    
   28.30      0.9781    
   28.40      0.9356    
   28.50      0.8944    
   28.60      0.8547    
   28.70      0.8167    
   28.80      0.7806    
   28.90      0.7466    
   29.00      0.7147    
   29.10      0.6852    
   29.20      0.6580    
   29.30      0.6333    
   29.40      0.6110    
   29.50      0.5911    
   29.60      0.5736    
   29.70      0.5583    
   29.80      0.5453    
   29.90      0.5345    
   30.00      0.5256    
   30.10      0.5186    
   30.20      0.5132    
   30.30      0.5094    
   30.40      0.5070    
   30.50      0.5057    
   30.60      0.5055    
   30.70      0.5060    
   30.80      0.5072    
   30.90      0.5088    
   31.00      0.5107    
   31.10      0.5126    
   31.20      0.5146    
   31.30      0.5163    
   31.40      0.5176    
   31.50      0.5185    
   31.60      0.5188    
   31.70      0.5184    
   31.80      0.5172    
   31.90      0.5153    
   32.00      0.5125    
   32.10      0.5088    
   32.20      0.5041    
   32.30      0.4986    
   32.40      0.4922    
   32.50      0.4849    
   32.60      0.4767    
   32.70      0.4678    
   32.80      0.4582    
   32.90      0.4479    
   33.00      0.4370    
   33.10      0.4256    
   33.20      0.4138    
   33.30      0.4016    
   33.40      0.3892    
   33.50      0.3767    
   33.60      0.3640    
   33.70      0.3513    
   33.80      0.3388    
   33.90      0.3263    
   34.00      0.3141    
   34.10      0.3022    
   34.20      0.2907    
   34.30      0.2795    
   34.40      0.2688    
   34.50      0.2586    
   34.60      0.2489    
   34.70      0.2398    
   34.80      0.2313    
   34.90      0.2233    
   35.00      0.2160    
   35.10      0.2092    
   35.20      0.2031    
   35.30      0.1975    
   35.40      0.1926    
   35.50      0.1881    
   35.60      0.1842    
   35.70      0.1808    
   35.80      0.1779    
   35.90      0.1754    
   36.00      0.1732    
   36.10      0.1715    
   36.20      0.1700    
   36.30      0.1688    
   36.40      0.1678    
   36.50      0.1670    
   36.60      0.1663    
   36.70      0.1657    
   36.80      0.1652    
   36.90      0.1646    
   37.00      0.1641    
   37.10      0.1635    
   37.20      0.1628    
   37.30      0.1620    
   37.40      0.1610    
   37.50      0.1599    
   37.60      0.1586    
   37.70      0.1572    
   37.80      0.1556    
   37.90      0.1537    
   38.00      0.1517    
   38.10      0.1495    
   38.20      0.1472    
   38.30      0.1446    
   38.40      0.1419    
   38.50      0.1390    
   38.60      0.1360    
   38.70      0.1329    
   38.80      0.1297    
   38.90      0.1264    
   39.00      0.1230    
   39.10      0.1196    
   39.20      0.1161    
   39.30      0.1126    
   39.40      0.1092    
   39.50      0.1057    
   39.60      0.1023    
   39.70      0.9891E-01
   39.80      0.9561E-01
   39.90      0.9238E-01
   40.00      0.8925E-01
   40.10      0.8623E-01
   40.20      0.8331E-01
   40.30      0.8052E-01
   40.40      0.7786E-01
   40.50      0.7533E-01
   40.60      0.7295E-01
   40.70      0.7070E-01
   40.80      0.6860E-01
   40.90      0.6665E-01
   41.00      0.6484E-01
   41.10      0.6318E-01
   41.20      0.6165E-01
   41.30      0.6025E-01
   41.40      0.5899E-01
   41.50      0.5784E-01
   41.60      0.5681E-01
   41.70      0.5589E-01
   41.80      0.5505E-01
   41.90      0.5431E-01
   42.00      0.5364E-01
   42.10      0.5303E-01
   42.20      0.5248E-01
   42.30      0.5198E-01
   42.40      0.5151E-01
   42.50      0.5106E-01
   42.60      0.5063E-01
   42.70      0.5021E-01
   42.80      0.4979E-01
   42.90      0.4937E-01
   43.00      0.4893E-01
   43.10      0.4847E-01
   43.20      0.4799E-01
   43.30      0.4749E-01
   43.40      0.4695E-01
   43.50      0.4638E-01
   43.60      0.4578E-01
   43.70      0.4514E-01
   43.80      0.4447E-01
   43.90      0.4377E-01
   44.00      0.4303E-01
   44.10      0.4226E-01
   44.20      0.4147E-01
   44.30      0.4064E-01
   44.40      0.3979E-01
   44.50      0.3892E-01
   44.60      0.3803E-01
   44.70      0.3713E-01
   44.80      0.3621E-01
   44.90      0.3528E-01
   45.00      0.3435E-01
   45.10      0.3342E-01
   45.20      0.3248E-01
   45.30      0.3155E-01
   45.40      0.3063E-01
   45.50      0.2972E-01
   45.60      0.2883E-01
   45.70      0.2795E-01
   45.80      0.2709E-01
   45.90      0.2626E-01
   46.00      0.2545E-01
   46.10      0.2467E-01
   46.20      0.2392E-01
   46.30      0.2321E-01
   46.40      0.2252E-01
   46.50      0.2187E-01
   46.60      0.2126E-01
   46.70      0.2068E-01
   46.80      0.2013E-01
   46.90      0.1962E-01
   47.00      0.1914E-01
   47.10      0.1870E-01
   47.20      0.1829E-01
   47.30      0.1791E-01
   47.40      0.1755E-01
   47.50      0.1723E-01
   47.60      0.1692E-01
   47.70      0.1664E-01
   47.80      0.1638E-01
   47.90      0.1614E-01
   48.00      0.1591E-01
   48.10      0.1569E-01
   48.20      0.1548E-01
   48.30      0.1529E-01
   48.40      0.1510E-01
   48.50      0.1491E-01
   48.60      0.1473E-01
   48.70      0.1455E-01
   48.80      0.1438E-01
   48.90      0.1420E-01
   49.00      0.1402E-01
   49.10      0.1384E-01
   49.20      0.1365E-01
   49.30      0.1346E-01
   49.40      0.1327E-01
   49.50      0.1307E-01
   49.60      0.1287E-01
   49.70      0.1267E-01
   49.80      0.1245E-01
   49.90      0.1224E-01
   50.00      0.1202E-01
   50.10      0.1179E-01
   50.20      0.1156E-01
   50.30      0.1133E-01
   50.40      0.1109E-01
   50.50      0.1085E-01
   50.60      0.1061E-01
   50.70      0.1036E-01
   50.80      0.1011E-01
   50.90      0.9862E-02
   51.00      0.9612E-02
   51.10      0.9362E-02
   51.20      0.9113E-02
   51.30      0.8867E-02
   51.40      0.8623E-02
   51.50      0.8382E-02
   51.60      0.8146E-02
   51.70      0.7915E-02
   51.80      0.7690E-02
   51.90      0.7471E-02
   52.00      0.7260E-02
   52.10      0.7055E-02
   52.20      0.6859E-02
   52.30      0.6670E-02
   52.40      0.6490E-02
   52.50      0.6318E-02
   52.60      0.6155E-02
   52.70      0.6000E-02
   52.80      0.5853E-02
   52.90      0.5714E-02
   53.00      0.5582E-02
   53.10      0.5458E-02
   53.20      0.5340E-02
   53.30      0.5229E-02
   53.40      0.5124E-02
   53.50      0.5025E-02
   53.60      0.4931E-02
   53.70      0.4841E-02
   53.80      0.4756E-02
   53.90      0.4675E-02
   54.00      0.4597E-02
   54.10      0.4522E-02
   54.20      0.4451E-02
   54.30      0.4381E-02
   54.40      0.4315E-02
   54.50      0.4250E-02
   54.60      0.4187E-02
   54.70      0.4125E-02
   54.80      0.4064E-02
   54.90      0.4005E-02
   55.00      0.3946E-02
   55.10      0.3888E-02
   55.20      0.3830E-02
   55.30      0.3772E-02
   55.40      0.3714E-02
   55.50      0.3656E-02
   55.60      0.3597E-02
   55.70      0.3537E-02
   55.80      0.3477E-02
   55.90      0.3416E-02
   56.00      0.3355E-02
   56.10      0.3292E-02
   56.20      0.3228E-02
   56.30      0.3163E-02
   56.40      0.3098E-02
   56.50      0.3032E-02
   56.60      0.2965E-02
   56.70      0.2898E-02
   56.80      0.2830E-02
   56.90      0.2762E-02
   57.00      0.2695E-02
   57.10      0.2628E-02
   57.20      0.2562E-02
   57.30      0.2496E-02
   57.40      0.2431E-02
   57.50      0.2368E-02
   57.60      0.2306E-02
   57.70      0.2245E-02
   57.80      0.2186E-02
   57.90      0.2129E-02
   58.00      0.2074E-02
   58.10      0.2020E-02
   58.20      0.1968E-02
   58.30      0.1918E-02
   58.40      0.1870E-02
   58.50      0.1824E-02
   58.60      0.1779E-02
   58.70      0.1736E-02
   58.80      0.1695E-02
   58.90      0.1655E-02
   59.00      0.1617E-02
   59.10      0.1580E-02
   59.20      0.1545E-02
   59.30      0.1511E-02
   59.40      0.1479E-02
   59.50      0.1448E-02
   59.60      0.1418E-02
   59.70      0.1390E-02
   59.80      0.1363E-02
   59.90      0.1337E-02
   60.00      0.1312E-02
   60.10      0.1288E-02
   60.20      0.1265E-02
   60.30      0.1243E-02
   60.40      0.1223E-02
   60.50      0.1202E-02
   60.60      0.1183E-02
   60.70      0.1164E-02
   60.80      0.1146E-02
   60.90      0.1129E-02
   61.00      0.1111E-02
   61.10      0.1094E-02
   61.20      0.1077E-02
   61.30      0.1061E-02
   61.40      0.1044E-02
   61.50      0.1027E-02
   61.60      0.1010E-02
   61.70      0.9926E-03
   61.80      0.9752E-03
   61.90      0.9576E-03
   62.00      0.9398E-03
   62.10      0.9218E-03
   62.20      0.9036E-03
   62.30      0.8853E-03
   62.40      0.8669E-03
   62.50      0.8485E-03
   62.60      0.8300E-03
   62.70      0.8117E-03
   62.80      0.7935E-03
   62.90      0.7754E-03
   63.00      0.7576E-03
   63.10      0.7400E-03
   63.20      0.7227E-03
   63.30      0.7058E-03
   63.40      0.6891E-03
   63.50      0.6728E-03
   63.60      0.6568E-03
   63.70      0.6411E-03
   63.80      0.6258E-03
   63.90      0.6108E-03
   64.00      0.5961E-03
   64.10      0.5817E-03
   64.20      0.5676E-03
   64.30      0.5539E-03
   64.40      0.5404E-03
   64.50      0.5273E-03
   64.60      0.5145E-03
   64.70      0.5020E-03
   64.80      0.4899E-03
   64.90      0.4781E-03
   65.00      0.4667E-03
   65.10      0.4557E-03
   65.20      0.4451E-03
   65.30      0.4349E-03
   65.40      0.4252E-03
   65.50      0.4158E-03
   65.60      0.4069E-03
   65.70      0.3984E-03
   65.80      0.3903E-03
   65.90      0.3826E-03
   66.00      0.3753E-03
   66.10      0.3684E-03
   66.20      0.3618E-03
   66.30      0.3555E-03
   66.40      0.3494E-03
   66.50      0.3435E-03
   66.60      0.3379E-03
   66.70      0.3323E-03
   66.80      0.3269E-03
   66.90      0.3216E-03
   67.00      0.3162E-03
   67.10      0.3110E-03
   67.20      0.3057E-03
   67.30      0.3004E-03
   67.40      0.2951E-03
   67.50      0.2898E-03
   67.60      0.2844E-03
   67.70      0.2791E-03
   67.80      0.2738E-03
   67.90      0.2685E-03
   68.00      0.2632E-03
   68.10      0.2580E-03
   68.20      0.2528E-03
   68.30      0.2477E-03
   68.40      0.2427E-03
   68.50      0.2378E-03
   68.60      0.2330E-03
   68.70      0.2283E-03
   68.80      0.2236E-03
   68.90      0.2190E-03
   69.00      0.2145E-03
   69.10      0.2101E-03
   69.20      0.2057E-03
   69.30      0.2014E-03
   69.40      0.1971E-03
   69.50      0.1928E-03
   69.60      0.1886E-03
   69.70      0.1844E-03
   69.80      0.1802E-03
   69.90      0.1761E-03
   70.00      0.1720E-03
   70.10      0.1679E-03
   70.20      0.1639E-03
   70.30      0.1599E-03
   70.40      0.1560E-03
   70.50      0.1522E-03
   70.60      0.1485E-03
   70.70      0.1449E-03
   70.80      0.1415E-03
   70.90      0.1381E-03
   71.00      0.1349E-03
   71.10      0.1318E-03
   71.20      0.1288E-03
   71.30      0.1260E-03
   71.40      0.1233E-03
   71.50      0.1207E-03
   71.60      0.1183E-03
   71.70      0.1160E-03
   71.80      0.1138E-03
   71.90      0.1117E-03
   72.00      0.1096E-03
   72.10      0.1076E-03
   72.20      0.1057E-03
   72.30      0.1037E-03
   72.40      0.1018E-03
   72.50      0.9997E-04
   72.60      0.9810E-04
   72.70      0.9623E-04
   72.80      0.9437E-04
   72.90      0.9251E-04
   73.00      0.9066E-04
   73.10      0.8883E-04
   73.20      0.8702E-04
   73.30      0.8523E-04
   73.40      0.8348E-04
   73.50      0.8178E-04
   73.60      0.8012E-04
   73.70      0.7852E-04
   73.80      0.7697E-04
   73.90      0.7547E-04
   74.00      0.7403E-04
   74.10      0.7264E-04
   74.20      0.7129E-04
   74.30      0.6999E-04
   74.40      0.6872E-04
   74.50      0.6747E-04
   74.60      0.6625E-04
   74.70      0.6504E-04
   74.80      0.6384E-04
   74.90      0.6265E-04
   75.00      0.6145E-04
   75.10      0.6025E-04
   75.20      0.5905E-04
   75.30      0.5784E-04
   75.40      0.5663E-04
   75.50      0.5542E-04
   75.60      0.5420E-04
   75.70      0.5299E-04
   75.80      0.5179E-04
   75.90      0.5060E-04
   76.00      0.4943E-04
   76.10      0.4828E-04
   76.20      0.4716E-04
   76.30      0.4607E-04
   76.40      0.4502E-04
   76.50      0.4400E-04
   76.60      0.4303E-04
   76.70      0.4211E-04
   76.80      0.4123E-04
   76.90      0.4039E-04
   77.00      0.3959E-04
   77.10      0.3883E-04
   77.20      0.3810E-04
   77.30      0.3739E-04
   77.40      0.3671E-04
   77.50      0.3603E-04
   77.60      0.3537E-04
   77.70      0.3470E-04
   77.80      0.3403E-04
   77.90      0.3336E-04
   78.00      0.3268E-04
   78.10      0.3198E-04
   78.20      0.3128E-04
   78.30      0.3058E-04
   78.40      0.2987E-04
   78.50      0.2917E-04
   78.60      0.2847E-04
   78.70      0.2779E-04
   78.80      0.2713E-04
   78.90      0.2649E-04
   79.00      0.2587E-04
   79.10      0.2528E-04
   79.20      0.2473E-04
   79.30      0.2420E-04
   79.40      0.2370E-04
   79.50      0.2323E-04
   79.60      0.2279E-04
   79.70      0.2237E-04
   79.80      0.2197E-04
   79.90      0.2158E-04
   80.00      0.2121E-04
   80.10      0.2084E-04
   80.20      0.2048E-04
   80.30      0.2012E-04
   80.40      0.1977E-04
   80.50      0.1941E-04
   80.60      0.1906E-04
   80.70      0.1870E-04
   80.80      0.1834E-04
   80.90      0.1797E-04
   81.00      0.1761E-04
   81.10      0.1724E-04
   81.20      0.1687E-04
   81.30      0.1651E-04
   81.40      0.1615E-04
   81.50      0.1579E-04
   81.60      0.1545E-04
   81.70      0.1511E-04
   81.80      0.1479E-04
   81.90      0.1448E-04
   82.00      0.1419E-04
   82.10      0.1392E-04
   82.20      0.1366E-04
   82.30      0.1342E-04
   82.40      0.1320E-04
   82.50      0.1299E-04
   82.60      0.1280E-04
   82.70      0.1261E-04
   82.80      0.1242E-04
   82.90      0.1223E-04
   83.00      0.1205E-04
   83.10      0.1185E-04
   83.20      0.1165E-04
   83.30      0.1143E-04
   83.40      0.1120E-04
   83.50      0.1097E-04
   83.60      0.1072E-04
   83.70      0.1046E-04
   83.80      0.1019E-04
   83.90      0.9926E-05
   84.00      0.9658E-05
   84.10      0.9395E-05
   84.20      0.9138E-05
   84.30      0.8890E-05
   84.40      0.8654E-05
   84.50      0.8431E-05
   84.60      0.8222E-05
   84.70      0.8027E-05
   84.80      0.7845E-05
   84.90      0.7675E-05
   85.00      0.7517E-05
   85.10      0.7368E-05
   85.20      0.7228E-05
   85.30      0.7094E-05
   85.40      0.6966E-05
   85.50      0.6841E-05
   85.60      0.6719E-05
   85.70      0.6600E-05
   85.80      0.6481E-05
   85.90      0.6363E-05
   86.00      0.6246E-05
   86.10      0.6127E-05
   86.20      0.6008E-05
   86.30      0.5888E-05
   86.40      0.5766E-05
   86.50      0.5643E-05
   86.60      0.5519E-05
   86.70      0.5394E-05
   86.80      0.5270E-05
   86.90      0.5146E-05
   87.00      0.5026E-05
   87.10      0.4909E-05
   87.20      0.4798E-05
   87.30      0.4694E-05
   87.40      0.4598E-05
   87.50      0.4511E-05
   87.60      0.4435E-05
   87.70      0.4368E-05
   87.80      0.4310E-05
   87.90      0.4261E-05
   88.00      0.4217E-05
   88.10      0.4178E-05
   88.20      0.4140E-05
   88.30      0.4102E-05
   88.40      0.4061E-05
   88.50      0.4014E-05
   88.60      0.3961E-05
   88.70      0.3899E-05
   88.80      0.3829E-05
   88.90      0.3750E-05
   89.00      0.3664E-05
   89.10      0.3571E-05
   89.20      0.3475E-05
   89.30      0.3375E-05
   89.40      0.3275E-05
   89.50      0.3177E-05
   89.60      0.3082E-05
   89.70      0.2991E-05
   89.80      0.2907E-05
   89.90      0.2828E-05
   90.00      0.2756E-05
   90.10      0.2690E-05
   90.20      0.2630E-05
   90.30      0.2574E-05
   90.40      0.2523E-05
   90.50      0.2475E-05
   90.60      0.2430E-05
   90.70      0.2386E-05
   90.80      0.2345E-05
   90.90      0.2305E-05
   91.00      0.2266E-05
   91.10      0.2229E-05
   91.20      0.2192E-05
   91.30      0.2155E-05
   91.40      0.2119E-05
   91.50      0.2083E-05
   91.60      0.2046E-05
   91.70      0.2008E-05
   91.80      0.1968E-05
   91.90      0.1927E-05
   92.00      0.1883E-05
   92.10      0.1837E-05
   92.20      0.1789E-05
   92.30      0.1740E-05
   92.40      0.1690E-05
   92.50      0.1642E-05
   92.60      0.1595E-05
   92.70      0.1552E-05
   92.80      0.1513E-05
   92.90      0.1479E-05
   93.00      0.1451E-05
   93.10      0.1430E-05
   93.20      0.1414E-05
   93.30      0.1404E-05
   93.40      0.1397E-05
   93.50      0.1393E-05
   93.60      0.1391E-05
   93.70      0.1387E-05
   93.80      0.1382E-05
   93.90      0.1373E-05
   94.00      0.1359E-05
   94.10      0.1340E-05
   94.20      0.1315E-05
   94.30      0.1285E-05
   94.40      0.1250E-05
   94.50      0.1213E-05
   94.60      0.1173E-05
   94.70      0.1132E-05
   94.80      0.1091E-05
   94.90      0.1053E-05
   95.00      0.1016E-05
   95.10      0.9835E-06
   95.20      0.9542E-06
   95.30      0.9283E-06
   95.40      0.9058E-06
   95.50      0.8861E-06
   95.60      0.8687E-06
   95.70      0.8531E-06
   95.80      0.8387E-06
   95.90      0.8253E-06
   96.00      0.8124E-06
   96.10      0.8001E-06
   96.20      0.7885E-06
   96.30      0.7776E-06
   96.40      0.7677E-06
   96.50      0.7589E-06
   96.60      0.7512E-06
   96.70      0.7445E-06
   96.80      0.7386E-06
   96.90      0.7330E-06
   97.00      0.7271E-06
   97.10      0.7202E-06
   97.20      0.7118E-06
   97.30      0.7013E-06
   97.40      0.6882E-06
   97.50      0.6723E-06
   97.60      0.6539E-06
   97.70      0.6332E-06
   97.80      0.6109E-06
   97.90      0.5880E-06
   98.00      0.5654E-06
   98.10      0.5443E-06
   98.20      0.5256E-06
   98.30      0.5101E-06
   98.40      0.4985E-06
   98.50      0.4910E-06
   98.60      0.4874E-06
   98.70      0.4872E-06
   98.80      0.4896E-06
   98.90      0.4936E-06
   99.00      0.4980E-06
   99.10      0.5015E-06
   99.20      0.5030E-06
   99.30      0.5017E-06
   99.40      0.4968E-06
   99.50      0.4882E-06
   99.60      0.4759E-06
   99.70      0.4602E-06
   99.80      0.4420E-06
   99.90      0.4221E-06
   100.0      0.4015E-06
   100.1      0.3812E-06
   100.2      0.3620E-06
   100.3      0.3447E-06
   100.4      0.3297E-06
   100.5      0.3172E-06
   100.6      0.3070E-06
   100.7      0.2989E-06
   100.8      0.2925E-06
   100.9      0.2871E-06
   101.0      0.2824E-06
   101.1      0.2778E-06
   101.2      0.2731E-06
   101.3      0.2681E-06
   101.4      0.2629E-06
   101.5      0.2578E-06
   101.6      0.2531E-06
   101.7      0.2491E-06
   101.8      0.2464E-06
   101.9      0.2450E-06
   102.0      0.2452E-06
   102.1      0.2469E-06
   102.2      0.2498E-06
   102.3      0.2535E-06
   102.4      0.2573E-06
   102.5      0.2605E-06
   102.6      0.2625E-06
   102.7      0.2625E-06
   102.8      0.2602E-06
   102.9      0.2553E-06
   103.0      0.2479E-06
   103.1      0.2382E-06
   103.2      0.2268E-06
   103.3      0.2146E-06
   103.4      0.2024E-06
   103.5      0.1911E-06
   103.6      0.1817E-06
   103.7      0.1747E-06
   103.8      0.1707E-06
   103.9      0.1697E-06
   104.0      0.1716E-06
   104.1      0.1760E-06
   104.2      0.1821E-06
   104.3      0.1890E-06
   104.4      0.1957E-06
   104.5      0.2014E-06
   104.6      0.2051E-06
   104.7      0.2063E-06
   104.8      0.2046E-06
   104.9      0.2000E-06
   105.0      0.1926E-06
   105.1      0.1832E-06
   105.2      0.1722E-06
   105.3      0.1605E-06
   105.4      0.1490E-06
   105.5      0.1384E-06
   105.6      0.1292E-06
   105.7      0.1218E-06
   105.8      0.1164E-06
   105.9      0.1128E-06
   106.0      0.1107E-06
   106.1      0.1097E-06
   106.2      0.1091E-06
   106.3      0.1086E-06
   106.4      0.1076E-06
   106.5      0.1057E-06
   106.6      0.1030E-06
   106.7      0.9939E-07
   106.8      0.9523E-07
   106.9      0.9091E-07
   107.0      0.8694E-07
   107.1      0.8383E-07
   107.2      0.8203E-07
   107.3      0.8187E-07
   107.4      0.8348E-07
   107.5      0.8676E-07
   107.6      0.9142E-07
   107.7      0.9694E-07
   107.8      0.1027E-06
   107.9      0.1079E-06
   108.0      0.1120E-06
   108.1      0.1142E-06
   108.2      0.1142E-06
   108.3      0.1119E-06
   108.4      0.1071E-06
   108.5      0.1004E-06
   108.6      0.9221E-07
   108.7      0.8331E-07
   108.8      0.7452E-07
   108.9      0.6667E-07
   109.0      0.6049E-07
   109.1      0.5653E-07
   109.2      0.5511E-07
   109.3      0.5627E-07
   109.4      0.5977E-07
   109.5      0.6512E-07
   109.6      0.7163E-07
   109.7      0.7850E-07
   109.8      0.8488E-07
   109.9      0.9003E-07
   110.0      0.9331E-07
   110.1      0.9434E-07
   110.2      0.9298E-07
   110.3      0.8935E-07
   110.4      0.8383E-07
   110.5      0.7698E-07
   110.6      0.6949E-07
   110.7      0.6208E-07
   110.8      0.5542E-07
   110.9      0.5006E-07
   111.0      0.4635E-07
   111.1      0.4443E-07
   111.2      0.4420E-07
   111.3      0.4534E-07
   111.4      0.4740E-07
   111.5      0.4979E-07
   111.6      0.5195E-07
   111.7      0.5335E-07
   111.8      0.5363E-07
   111.9      0.5257E-07
   112.0      0.5020E-07
   112.1      0.4673E-07
   112.2      0.4258E-07
   112.3      0.3827E-07
   112.4      0.3438E-07
   112.5      0.3149E-07
   112.6      0.3005E-07
   112.7      0.3036E-07
   112.8      0.3251E-07
   112.9      0.3634E-07
   113.0      0.4151E-07
   113.1      0.4745E-07
   113.2      0.5350E-07
   113.3      0.5896E-07
   113.4      0.6315E-07
   113.5      0.6552E-07
   113.6      0.6574E-07
   113.7      0.6367E-07
   113.8      0.5947E-07
   113.9      0.5350E-07
   114.0      0.4637E-07
   114.1      0.3878E-07
   114.2      0.3152E-07
   114.3      0.2532E-07
   114.4      0.2081E-07
   114.5      0.1842E-07
   114.6      0.1832E-07
   114.7      0.2046E-07
   114.8      0.2449E-07
   114.9      0.2990E-07
   115.0      0.3598E-07
   115.1      0.4200E-07
   115.2      0.4721E-07
   115.3      0.5100E-07
   115.4      0.5293E-07
   115.5      0.5276E-07
   115.6      0.5054E-07
   115.7      0.4653E-07
   115.8      0.4120E-07
   115.9      0.3518E-07
   116.0      0.2914E-07
   116.1      0.2374E-07
   116.2      0.1954E-07
   116.3      0.1693E-07
   116.4      0.1611E-07
   116.5      0.1701E-07
   116.6      0.1938E-07
   116.7      0.2277E-07
   116.8      0.2662E-07
   116.9      0.3031E-07
   117.0      0.3326E-07
   117.1      0.3502E-07
   117.2      0.3529E-07
   117.3      0.3399E-07
   117.4      0.3125E-07
   117.5      0.2742E-07
   117.6      0.2301E-07
   117.7      0.1861E-07
   117.8      0.1485E-07
   117.9      0.1229E-07
   118.0      0.1135E-07
   118.1      0.1227E-07
   118.2      0.1505E-07
   118.3      0.1948E-07
   118.4      0.2510E-07
   118.5      0.3133E-07
   118.6      0.3747E-07
   118.7      0.4284E-07
   118.8      0.4679E-07
   118.9      0.4887E-07
   119.0      0.4880E-07
   119.1      0.4657E-07
   119.2      0.4239E-07
   119.3      0.3673E-07
   119.4      0.3018E-07
   119.5      0.2349E-07
   119.6      0.1737E-07
   119.7      0.1250E-07
   119.8      0.9387E-08
   119.9      0.8334E-08
   120.0      0.9404E-08
   120.1      0.1241E-07
   120.2      0.1693E-07
   120.3      0.2239E-07
   120.4      0.2808E-07
   120.5      0.3331E-07
   120.6      0.3743E-07
   120.7      0.3993E-07
   120.8      0.4051E-07
   120.9      0.3912E-07
   121.0      0.3592E-07
   121.1      0.3130E-07
   121.2      0.2583E-07
   121.3      0.2016E-07
   121.4      0.1494E-07
   121.5      0.1079E-07
   121.6      0.8153E-08
   121.7      0.7293E-08
   121.8      0.8244E-08
   121.9      0.1081E-07
   122.0      0.1459E-07
   122.1      0.1905E-07
   122.2      0.2354E-07
   122.3      0.2746E-07
   122.4      0.3024E-07
   122.5      0.3150E-07
   122.6      0.3105E-07
   122.7      0.2891E-07
   122.8      0.2535E-07
   122.9      0.2081E-07
   123.0      0.1587E-07
   123.1      0.1119E-07
   123.2      0.7402E-08
   123.3      0.5030E-08
   123.4      0.4443E-08
   123.5      0.5793E-08
   123.6      0.8991E-08
   123.7      0.1372E-07
   123.8      0.1948E-07
   123.9      0.2561E-07
   124.0      0.3143E-07
   124.1      0.3624E-07
   124.2      0.3949E-07
   124.3      0.4079E-07
   124.4      0.3997E-07
   124.5      0.3713E-07
   124.6      0.3258E-07
   124.7      0.2684E-07
   124.8      0.2058E-07
   124.9      0.1451E-07
   125.0      0.9334E-08
   125.1      0.5635E-08
   125.2      0.3818E-08
   125.3      0.4063E-08
   125.4      0.6305E-08
   125.5      0.1024E-07
   125.6      0.1535E-07
   125.7      0.2102E-07
   125.8      0.2652E-07
   125.9      0.3119E-07
   126.0      0.3446E-07
   126.1      0.3595E-07
   126.2      0.3547E-07
   126.3      0.3312E-07
   126.4      0.2918E-07
   126.5      0.2416E-07
   126.6      0.1868E-07
   126.7      0.1341E-07
   126.8      0.9011E-08
   126.9      0.6000E-08
   127.0      0.4732E-08
   127.1      0.5340E-08
   127.2      0.7719E-08
   127.3      0.1154E-07
   127.4      0.1630E-07
   127.5      0.2137E-07
   127.6      0.2609E-07
   127.7      0.2984E-07
   127.8      0.3213E-07
   127.9      0.3264E-07
   128.0      0.3129E-07
   128.1      0.2824E-07
   128.2      0.2387E-07
   128.3      0.1870E-07
   128.4      0.1341E-07
   128.5      0.8667E-08
   128.6      0.5091E-08
   128.7      0.3165E-08
   128.8      0.3176E-08
   128.9      0.5174E-08
   129.0      0.8965E-08
   129.1      0.1414E-07
   129.2      0.2010E-07
   129.3      0.2616E-07
   129.4      0.3160E-07
   129.5      0.3579E-07
   129.6      0.3823E-07
   129.7      0.3861E-07
   129.8      0.3689E-07
   129.9      0.3328E-07
   130.0      0.2818E-07
   130.1      0.2222E-07
   130.2      0.1607E-07
   130.3      0.1048E-07
   130.4      0.6086E-08
   130.5      0.3398E-08
   130.6      0.2713E-08
   130.7      0.4083E-08
   130.8      0.7314E-08
   130.9      0.1198E-07
   131.0      0.1750E-07
   131.1      0.2317E-07
   131.2      0.2829E-07
   131.3      0.3223E-07
   131.4      0.3449E-07
   131.5      0.3481E-07
   131.6      0.3314E-07
   131.7      0.2971E-07
   131.8      0.2493E-07
   131.9      0.1942E-07
   132.0      0.1384E-07
   132.1      0.8903E-08
   132.2      0.5212E-08
   132.3      0.3225E-08
   132.4      0.3187E-08
   132.5      0.5100E-08
   132.6      0.8724E-08
   132.7      0.1360E-07
   132.8      0.1913E-07
   132.9      0.2460E-07
   133.0      0.2935E-07
   133.1      0.3275E-07
   133.2      0.3440E-07
   133.3      0.3407E-07
   133.4      0.3180E-07
   133.5      0.2786E-07
   133.6      0.2274E-07
   133.7      0.1709E-07
   133.8      0.1161E-07
   133.9      0.6997E-08
   134.0      0.3851E-08
   134.1      0.2587E-08
   134.2      0.3398E-08
   134.3      0.6220E-08
   134.4      0.1074E-07
   134.5      0.1645E-07
   134.6      0.2266E-07
   134.7      0.2865E-07
   134.8      0.3370E-07
   134.9      0.3720E-07
   135.0      0.3873E-07
   135.1      0.3810E-07
   135.2      0.3540E-07
   135.3      0.3093E-07
   135.4      0.2523E-07
   135.5      0.1900E-07
   135.6      0.1296E-07
   135.7      0.7851E-08
   135.8      0.4272E-08
   135.9      0.2646E-08
   136.0      0.3152E-08
   136.1      0.5712E-08
   136.2      0.9996E-08
   136.3      0.1546E-07
   136.4      0.2143E-07
   136.5      0.2716E-07
   136.6      0.3194E-07
   136.7      0.3517E-07
   136.8      0.3646E-07
   136.9      0.3565E-07
   137.0      0.3283E-07
   137.1      0.2836E-07
   137.2      0.2280E-07
   137.3      0.1682E-07
   137.4      0.1118E-07
   137.5      0.6567E-08
   137.6      0.3566E-08
   137.7      0.2550E-08
   137.8      0.3650E-08
   137.9      0.6736E-08
   138.0      0.1143E-07
   138.1      0.1715E-07
   138.2      0.2320E-07
   138.3      0.2883E-07
   138.4      0.3333E-07
   138.5      0.3615E-07
   138.6      0.3693E-07
   138.7      0.3557E-07
   138.8      0.3224E-07
   138.9      0.2734E-07
   139.0      0.2147E-07
   139.1      0.1538E-07
   139.2      0.9808E-08
   139.3      0.5473E-08
   139.4      0.2926E-08
   139.5      0.2504E-08
   139.6      0.4289E-08
   139.7      0.8088E-08
   139.8      0.1346E-07
   139.9      0.1978E-07
   140.0      0.2628E-07
   140.1      0.3219E-07
   140.2      0.3679E-07
   140.3      0.3952E-07
   140.4      0.4005E-07
   140.5      0.3832E-07
   140.6      0.3453E-07
   140.7      0.2913E-07
   140.8      0.2279E-07
   140.9      0.1627E-07
   141.0      0.1035E-07
   141.1      0.5770E-08
   141.2      0.3068E-08
   141.3      0.2573E-08
   141.4      0.4340E-08
   141.5      0.8147E-08
   141.6      0.1352E-07
   141.7      0.1980E-07
   141.8      0.2621E-07
   141.9      0.3196E-07
   142.0      0.3634E-07
   142.1      0.3881E-07
   142.2      0.3907E-07
   142.3      0.3708E-07
   142.4      0.3310E-07
   142.5      0.2761E-07
   142.6      0.2130E-07
   142.7      0.1496E-07
   142.8      0.9379E-08
   142.9      0.5252E-08
   143.0      0.3106E-08
   143.1      0.3220E-08
   143.2      0.5595E-08
   143.3      0.9953E-08
   143.4      0.1577E-07
   143.5      0.2233E-07
   143.6      0.2884E-07
   143.7      0.3450E-07
   143.8      0.3860E-07
   143.9      0.4064E-07
   144.0      0.4035E-07
   144.1      0.3777E-07
   144.2      0.3321E-07
   144.3      0.2722E-07
   144.4      0.2054E-07
   144.5      0.1400E-07
   144.6      0.8404E-08
   144.7      0.4464E-08
   144.8      0.2680E-08
   144.9      0.3293E-08
   145.0      0.6252E-08
   145.1      0.1122E-07
   145.2      0.1760E-07
   145.3      0.2464E-07
   145.4      0.3149E-07
   145.5      0.3731E-07
   145.6      0.4140E-07
   145.7      0.4326E-07
   145.8      0.4265E-07
   145.9      0.3966E-07
   146.0      0.3464E-07
   146.1      0.2820E-07
   146.2      0.2113E-07
   146.3      0.1429E-07
   146.4      0.8518E-08
   146.5      0.4529E-08
   146.6      0.2812E-08
   146.7      0.3583E-08
   146.8      0.6752E-08
   146.9      0.1193E-07
   147.0      0.1850E-07
   147.1      0.2564E-07
   147.2      0.3248E-07
   147.3      0.3818E-07
   147.4      0.4203E-07
   147.5      0.4357E-07
   147.6      0.4259E-07
   147.7      0.3921E-07
   147.8      0.3385E-07
   147.9      0.2716E-07
   148.0      0.1998E-07
   148.1      0.1319E-07
   148.2      0.7644E-08
   148.3      0.4039E-08
   148.4      0.2838E-08
   148.5      0.4207E-08
   148.6      0.8000E-08
   148.7      0.1377E-07
   148.8      0.2082E-07
   148.9      0.2830E-07
   149.0      0.3530E-07
   149.1      0.4096E-07
   149.2      0.4458E-07
   149.3      0.4572E-07
   149.4      0.4423E-07
   149.5      0.4029E-07
   149.6      0.3437E-07
   149.7      0.2722E-07
   149.8      0.1971E-07
   149.9      0.1277E-07
   150.0      0.7279E-08
   150.1      0.3928E-08
   150.2      0.3155E-08
   150.3      0.5084E-08
   150.4      0.9505E-08
   150.5      0.1590E-07
   150.6      0.2352E-07
   150.7      0.3143E-07
   150.8      0.3869E-07
   150.9      0.4441E-07
   151.0      0.4788E-07
   151.1      0.4869E-07
   151.2      0.4672E-07
   151.3      0.4221E-07
   151.4      0.3571E-07
   151.5      0.2800E-07
   151.6      0.2004E-07
   151.7      0.1281E-07
   151.8      0.7189E-08
   151.9      0.3888E-08
   152.0      0.3324E-08
   152.1      0.5581E-08
   152.2      0.1040E-07
   152.3      0.1720E-07
   152.4      0.2516E-07
   152.5      0.3331E-07
   152.6      0.4066E-07
   152.7      0.4629E-07
   152.8      0.4953E-07
   152.9      0.4995E-07
   153.0      0.4751E-07
   153.1      0.4250E-07
   153.2      0.3553E-07
   153.3      0.2746E-07
   153.4      0.1930E-07
   153.5      0.1205E-07
   153.6      0.6625E-08
   153.7      0.3726E-08
   153.8      0.3734E-08
   153.9      0.6680E-08
   154.0      0.1223E-07
   154.1      0.1974E-07
   154.2      0.2830E-07
   154.3      0.3688E-07
   154.4      0.4444E-07
   154.5      0.5005E-07
   154.6      0.5302E-07
   154.7      0.5298E-07
   154.8      0.4992E-07
   154.9      0.4422E-07
   155.0      0.3657E-07
   155.1      0.2791E-07
   155.2      0.1931E-07
   155.3      0.1184E-07
   155.4      0.6451E-08
   155.5      0.3821E-08
   155.6      0.4315E-08
   155.7      0.7907E-08
   155.8      0.1420E-07
   155.9      0.2244E-07
   156.0      0.3166E-07
   156.1      0.4075E-07
   156.2      0.4859E-07
   156.3      0.5425E-07
   156.4      0.5701E-07
   156.5      0.5654E-07
   156.6      0.5289E-07
   156.7      0.4649E-07
   156.8      0.3812E-07
   156.9      0.2881E-07
   157.0      0.1971E-07
   157.1      0.1195E-07
   157.2      0.6489E-08
   157.3      0.4039E-08
   157.4      0.4925E-08
   157.5      0.9074E-08
   157.6      0.1601E-07
   157.7      0.2490E-07
   157.8      0.3469E-07
   157.9      0.4419E-07
   158.0      0.5223E-07
   158.1      0.5784E-07
   158.2      0.6033E-07
   158.3      0.5936E-07
   158.4      0.5506E-07
   158.5      0.4795E-07
   158.6      0.3889E-07
   158.7      0.2901E-07
   158.8      0.1953E-07
   158.9      0.1164E-07
   159.0      0.6353E-08
   159.1      0.4354E-08
   159.2      0.5940E-08
   159.3      0.1097E-07
   159.4      0.1887E-07
   159.5      0.2872E-07
   159.6      0.3935E-07
   159.7      0.4947E-07
   159.8      0.5786E-07
   159.9      0.6349E-07
   160.0      0.6567E-07
   160.1      0.6411E-07
   160.2      0.5900E-07
   160.3      0.5094E-07
   160.4      0.4092E-07
   160.5      0.3018E-07
   160.6      0.2004E-07
   160.7      0.1177E-07
   160.8      0.6422E-08
   160.9      0.4702E-08
   161.0      0.6873E-08
   161.1      0.1273E-07
   161.2      0.2159E-07
   161.3      0.3244E-07
   161.4      0.4398E-07
   161.5      0.5482E-07
   161.6      0.6364E-07
   161.7      0.6938E-07
   161.8      0.7132E-07
   161.9      0.6921E-07
   162.0      0.6329E-07
   162.1      0.5429E-07
   162.2      0.4331E-07
   162.3      0.3168E-07
   162.4      0.2087E-07
   162.5      0.1223E-07
   162.6      0.6869E-08
   162.7      0.5499E-08
   162.8      0.8355E-08
   162.9      0.1515E-07
   163.0      0.2512E-07
   163.1      0.3710E-07
   163.2      0.4966E-07
   163.3      0.6130E-07
   163.4      0.7060E-07
   163.5      0.7642E-07
   163.6      0.7804E-07
   163.7      0.7525E-07
   163.8      0.6837E-07
   163.9      0.5822E-07
   164.0      0.4605E-07
   164.1      0.3336E-07
   164.2      0.2173E-07
   164.3      0.1263E-07
   164.4      0.7241E-08
   164.5      0.6289E-08
   164.6      0.9981E-08
   164.7      0.1795E-07
   164.8      0.2930E-07
   164.9      0.4272E-07
   165.0      0.5663E-07
   165.1      0.6935E-07
   165.2      0.7935E-07
   165.3      0.8542E-07
   165.4      0.8680E-07
   165.5      0.8331E-07
   165.6      0.7534E-07
   165.7      0.6387E-07
   165.8      0.5029E-07
   165.9      0.3628E-07
   166.0      0.2359E-07
   166.1      0.1384E-07
   166.2      0.8298E-08
   166.3      0.7736E-08
   166.4      0.1233E-07
   166.5      0.2164E-07
   166.6      0.3462E-07
   166.7      0.4978E-07
   166.8      0.6535E-07
   166.9      0.7947E-07
   167.0      0.9044E-07
   167.1      0.9693E-07
   167.2      0.9814E-07
   167.3      0.9390E-07
   167.4      0.8469E-07
   167.5      0.7163E-07
   167.6      0.5630E-07
   167.7      0.4060E-07
   167.8      0.2649E-07
   167.9      0.1576E-07
   168.0      0.9822E-08
   168.1      0.9517E-08
   168.2      0.1502E-07
   168.3      0.2579E-07
   168.4      0.4064E-07
   168.5      0.5789E-07
   168.6      0.7552E-07
   168.7      0.9144E-07
   168.8      0.1038E-06
   168.9      0.1110E-06
   169.0      0.1122E-06
   169.1      0.1073E-06
   169.2      0.9673E-07
   169.3      0.8189E-07
   169.4      0.6454E-07
   169.5      0.4683E-07
   169.6      0.3098E-07
   169.7      0.1904E-07
   169.8      0.1260E-07
   169.9      0.1262E-07
   170.0      0.1927E-07
   170.1      0.3195E-07
   170.2      0.4931E-07
   170.3      0.6940E-07
   170.4      0.8993E-07
   170.5      0.1085E-06
   170.6      0.1229E-06
   170.7      0.1315E-06
   170.8      0.1332E-06
   170.9      0.1277E-06
   171.0      0.1157E-06
   171.1      0.9866E-07
   171.2      0.7864E-07
   171.3      0.5809E-07
   171.4      0.3960E-07
   171.5      0.2554E-07
   171.6      0.1779E-07
   171.7      0.1750E-07
   171.8      0.2496E-07
   171.9      0.3953E-07
   172.0      0.5970E-07
   172.1      0.8327E-07
   172.2      0.1076E-06
   172.3      0.1299E-06
   172.4      0.1477E-06
   172.5      0.1588E-06
   172.6      0.1619E-06
   172.7      0.1567E-06
   172.8      0.1438E-06
   172.9      0.1248E-06
   173.0      0.1020E-06
   173.1      0.7818E-07
   173.2      0.5638E-07
   173.3      0.3940E-07
   173.4      0.2954E-07
   173.5      0.2829E-07
   173.6      0.3615E-07
   173.7      0.5255E-07
   173.8      0.7592E-07
   173.9      0.1038E-06
   174.0      0.1333E-06
   174.1      0.1612E-06
   174.2      0.1843E-06
   174.3      0.2002E-06
   174.4      0.2071E-06
   174.5      0.2045E-06
   174.6      0.1926E-06
   174.7      0.1732E-06
   174.8      0.1486E-06
   174.9      0.1220E-06
   175.0      0.9685E-07
   175.1      0.7631E-07
   175.2      0.6320E-07
   175.3      0.5947E-07
   175.4      0.6599E-07
   175.5      0.8245E-07
   175.6      0.1074E-06
   175.7      0.1384E-06
   175.8      0.1724E-06
   175.9      0.2060E-06
   176.0      0.2357E-06
   176.1      0.2589E-06
   176.2      0.2737E-06
   176.3      0.2791E-06
   176.4      0.2757E-06
   176.5      0.2650E-06
   176.6      0.2497E-06
   176.7      0.2331E-06
   176.8      0.2188E-06
   176.9      0.2103E-06
   177.0      0.2102E-06
   177.1      0.2205E-06
   177.2      0.2415E-06
   177.3      0.2724E-06
   177.4      0.3109E-06
   177.5      0.3534E-06
   177.6      0.3959E-06
   177.7      0.4337E-06
   177.8      0.4627E-06
   177.9      0.4793E-06
   178.0      0.4814E-06
   178.1      0.4685E-06
   178.2      0.4417E-06
   178.3      0.4043E-06
   178.4      0.3608E-06
   178.5      0.3170E-06
   178.6      0.2795E-06
   178.7      0.2545E-06
   178.8      0.2478E-06
   178.9      0.2635E-06
   179.0      0.3039E-06
   179.1      0.3692E-06
   179.2      0.4568E-06
   179.3      0.5621E-06
   179.4      0.6785E-06
   179.5      0.7979E-06
   179.6      0.9116E-06
   179.7      0.1011E-05
   179.8      0.1088E-05
   179.9      0.1137E-05
   180.0      0.1154E-05