@s0 linestyle   1
#  Theta       sigma       iT11        T20         T21         T22         Kyy for projectile
  0.1000E-01   1.000    
  0.1000       1.001    
  0.2000       1.009    
  0.3000       1.015    
  0.4000       1.014    
  0.5000       1.004    
  0.6000      0.9832    
  0.7000      0.9540    
  0.8000      0.9178    
  0.9000      0.8767    
   1.000      0.8326    
   1.100      0.7876    
   1.200      0.7434    
   1.300      0.7016    
   1.400      0.6636    
   1.500      0.6306    
   1.600      0.6033    
   1.700      0.5824    
   1.800      0.5683    
   1.900      0.5612    
   2.000      0.5610    
   2.100      0.5674    
   2.200      0.5801    
   2.300      0.5984    
   2.400      0.6216    
   2.500      0.6489    
   2.600      0.6793    
   2.700      0.7120    
   2.800      0.7458    
   2.900      0.7797    
   3.000      0.8127    
   3.100      0.8438    
   3.200      0.8719    
   3.300      0.8963    
   3.400      0.9160    
   3.500      0.9305    
   3.600      0.9391    
   3.700      0.9413    
   3.800      0.9368    
   3.900      0.9255    
   4.000      0.9074    
   4.100      0.8824    
   4.200      0.8509    
   4.300      0.8134    
   4.400      0.7703    
   4.500      0.7222    
   4.600      0.6701    
   4.700      0.6146    
   4.800      0.5569    
   4.900      0.4978    
   5.000      0.4385    
   5.100      0.3799    
   5.200      0.3233    
   5.300      0.2696    
   5.400      0.2199    
   5.500      0.1752    
   5.600      0.1362    
   5.700      0.1039    
   5.800      0.7894E-01
   5.900      0.6183E-01
   6.000      0.5304E-01
   6.100      0.5285E-01
   6.200      0.6141E-01
   6.300      0.7871E-01
   6.400      0.1046    
   6.500      0.1387    
   6.600      0.1807    
   6.700      0.2298    
   6.800      0.2855    
   6.900      0.3467    
   7.000      0.4127    
   7.100      0.4823    
   7.200      0.5545    
   7.300      0.6282    
   7.400      0.7020    
   7.500      0.7749    
   7.600      0.8457    
   7.700      0.9132    
   7.800      0.9763    
   7.900       1.034    
   8.000       1.085    
   8.100       1.130    
   8.200       1.166    
   8.300       1.194    
   8.400       1.213    
   8.500       1.223    
   8.600       1.224    
   8.700       1.215    
   8.800       1.197    
   8.900       1.170    
   9.000       1.135    
   9.100       1.092    
   9.200       1.041    
   9.300      0.9850    
   9.400      0.9234    
   9.500      0.8574    
   9.600      0.7882    
   9.700      0.7170    
   9.800      0.6449    
   9.900      0.5730    
   10.00      0.5027    
   10.10      0.4349    
   10.20      0.3709    
   10.30      0.3116    
   10.40      0.2580    
   10.50      0.2110    
   10.60      0.1713    
   10.70      0.1395    
   10.80      0.1163    
   10.90      0.1019    
   11.00      0.9662E-01
   11.10      0.1005    
   11.20      0.1136    
   11.30      0.1356    
   11.40      0.1662    
   11.50      0.2050    
   11.60      0.2515    
   11.70      0.3048    
   11.80      0.3643    
   11.90      0.4290    
   12.00      0.4981    
   12.10      0.5705    
   12.20      0.6451    
   12.30      0.7210    
   12.40      0.7970    
   12.50      0.8720    
   12.60      0.9451    
   12.70       1.015    
   12.80       1.081    
   12.90       1.143    
   13.00       1.199    
   13.10       1.248    
   13.20       1.291    
   13.30       1.326    
   13.40       1.353    
   13.50       1.373    
   13.60       1.384    
   13.70       1.387    
   13.80       1.382    
   13.90       1.369    
   14.00       1.348    
   14.10       1.321    
   14.20       1.286    
   14.30       1.246    
   14.40       1.200    
   14.50       1.150    
   14.60       1.096    
   14.70       1.039    
   14.80      0.9797    
   14.90      0.9194    
   15.00      0.8587    
   15.10      0.7985    
   15.20      0.7397    
   15.30      0.6831    
   15.40      0.6294    
   15.50      0.5794    
   15.60      0.5336    
   15.70      0.4926    
   15.80      0.4569    
   15.90      0.4270    
   16.00      0.4030    
   16.10      0.3852    
   16.20      0.3737    
   16.30      0.3686    
   16.40      0.3697    
   16.50      0.3770    
   16.60      0.3901    
   16.70      0.4088    
   16.80      0.4326    
   16.90      0.4612    
   17.00      0.4940    
   17.10      0.5304    
   17.20      0.5698    
   17.30      0.6116    
   17.40      0.6552    
   17.50      0.6998    
   17.60      0.7449    
   17.70      0.7898    
   17.80      0.8338    
   17.90      0.8763    
   18.00      0.9168    
   18.10      0.9547    
   18.20      0.9895    
   18.30       1.021    
   18.40       1.048    
   18.50       1.071    
   18.60       1.090    
   18.70       1.104    
   18.80       1.114    
   18.90       1.118    
   19.00       1.118    
   19.10       1.113    
   19.20       1.104    
   19.30       1.090    
   19.40       1.072    
   19.50       1.050    
   19.60       1.025    
   19.70      0.9966    
   19.80      0.9656    
   19.90      0.9324    
   20.00      0.8975    
   20.10      0.8612    
   20.20      0.8241    
   20.30      0.7866    
   20.40      0.7492    
   20.50      0.7124    
   20.60      0.6765    
   20.70      0.6420    
   20.80      0.6092    
   20.90      0.5785    
   21.00      0.5502    
   21.10      0.5245    
   21.20      0.5016    
   21.30      0.4817    
   21.40      0.4650    
   21.50      0.4515    
   21.60      0.4412    
   21.70      0.4341    
   21.80      0.4302    
   21.90      0.4294    
   22.00      0.4316    
   22.10      0.4365    
   22.20      0.4440    
   22.30      0.4538    
   22.40      0.4657    
   22.50      0.4794    
   22.60      0.4947    
   22.70      0.5111    
   22.80      0.5285    
   22.90      0.5465    
   23.00      0.5647    
   23.10      0.5829    
   23.20      0.6009    
   23.30      0.6182    
   23.40      0.6346    
   23.50      0.6500    
   23.60      0.6640    
   23.70      0.6764    
   23.80      0.6872    
   23.90      0.6961    
   24.00      0.7030    
   24.10      0.7079    
   24.20      0.7107    
   24.30      0.7113    
   24.40      0.7098    
   24.50      0.7061    
   24.60      0.7004    
   24.70      0.6928    
   24.80      0.6832    
   24.90      0.6720    
   25.00      0.6591    
   25.10      0.6447    
   25.20      0.6291    
   25.30      0.6124    
   25.40      0.5949    
   25.50      0.5766    
   25.60      0.5578    
   25.70      0.5387    
   25.80      0.5195    
   25.90      0.5005    
   26.00      0.4817    
   26.10      0.4633    
   26.20      0.4456    
   26.30      0.4286    
   26.40      0.4126    
   26.50      0.3976    
   26.60      0.3836    
   26.70      0.3709    
   26.80      0.3595    
   26.90      0.3494    
   27.00      0.3407    
   27.10      0.3333    
   27.20      0.3273    
   27.30      0.3226    
   27.40      0.3192    
   27.50      0.3171    
   27.60      0.3161    
   27.70      0.3162    
   27.80      0.3174    
   27.90      0.3194    
   28.00      0.3222    
   28.10      0.3258    
   28.20      0.3298    
   28.30      0.3344    
   28.40      0.3392    
   28.50      0.3442    
   28.60      0.3494    
   28.70      0.3544    
   28.80      0.3594    
   28.90      0.3641    
   29.00      0.3684    
   29.10      0.3723    
   29.20      0.3756    
   29.30      0.3784    
   29.40      0.3805    
   29.50      0.3820    
   29.60      0.3826    
   29.70      0.3826    
   29.80      0.3817    
   29.90      0.3800    
   30.00      0.3776    
   30.10      0.3744    
   30.20      0.3704    
   30.30      0.3658    
   30.40      0.3604    
   30.50      0.3545    
   30.60      0.3480    
   30.70      0.3409    
   30.80      0.3334    
   30.90      0.3256    
   31.00      0.3174    
   31.10      0.3090    
   31.20      0.3004    
   31.30      0.2918    
   31.40      0.2831    
   31.50      0.2745    
   31.60      0.2660    
   31.70      0.2577    
   31.80      0.2496    
   31.90      0.2418    
   32.00      0.2343    
   32.10      0.2273    
   32.20      0.2206    
   32.30      0.2144    
   32.40      0.2086    
   32.50      0.2034    
   32.60      0.1986    
   32.70      0.1944    
   32.80      0.1906    
   32.90      0.1873    
   33.00      0.1846    
   33.10      0.1823    
   33.20      0.1804    
   33.30      0.1789    
   33.40      0.1779    
   33.50      0.1771    
   33.60      0.1767    
   33.70      0.1766    
   33.80      0.1767    
   33.90      0.1770    
   34.00      0.1775    
   34.10      0.1780    
   34.20      0.1787    
   34.30      0.1793    
   34.40      0.1800    
   34.50      0.1806    
   34.60      0.1811    
   34.70      0.1816    
   34.80      0.1818    
   34.90      0.1820    
   35.00      0.1819    
   35.10      0.1816    
   35.20      0.1811    
   35.30      0.1804    
   35.40      0.1794    
   35.50      0.1782    
   35.60      0.1768    
   35.70      0.1751    
   35.80      0.1731    
   35.90      0.1710    
   36.00      0.1686    
   36.10      0.1660    
   36.20      0.1632    
   36.30      0.1602    
   36.40      0.1571    
   36.50      0.1539    
   36.60      0.1505    
   36.70      0.1471    
   36.80      0.1436    
   36.90      0.1400    
   37.00      0.1364    
   37.10      0.1329    
   37.20      0.1293    
   37.30      0.1259    
   37.40      0.1224    
   37.50      0.1191    
   37.60      0.1158    
   37.70      0.1127    
   37.80      0.1097    
   37.90      0.1068    
   38.00      0.1041    
   38.10      0.1016    
   38.20      0.9919E-01
   38.30      0.9697E-01
   38.40      0.9491E-01
   38.50      0.9303E-01
   38.60      0.9130E-01
   38.70      0.8975E-01
   38.80      0.8834E-01
   38.90      0.8709E-01
   39.00      0.8598E-01
   39.10      0.8501E-01
   39.20      0.8415E-01
   39.30      0.8341E-01
   39.40      0.8278E-01
   39.50      0.8222E-01
   39.60      0.8175E-01
   39.70      0.8134E-01
   39.80      0.8098E-01
   39.90      0.8066E-01
   40.00      0.8036E-01
   40.10      0.8008E-01
   40.20      0.7980E-01
   40.30      0.7951E-01
   40.40      0.7920E-01
   40.50      0.7886E-01
   40.60      0.7849E-01
   40.70      0.7808E-01
   40.80      0.7761E-01
   40.90      0.7710E-01
   41.00      0.7652E-01
   41.10      0.7588E-01
   41.20      0.7517E-01
   41.30      0.7440E-01
   41.40      0.7357E-01
   41.50      0.7267E-01
   41.60      0.7170E-01
   41.70      0.7068E-01
   41.80      0.6960E-01
   41.90      0.6846E-01
   42.00      0.6728E-01
   42.10      0.6605E-01
   42.20      0.6479E-01
   42.30      0.6349E-01
   42.40      0.6217E-01
   42.50      0.6083E-01
   42.60      0.5948E-01
   42.70      0.5812E-01
   42.80      0.5676E-01
   42.90      0.5540E-01
   43.00      0.5406E-01
   43.10      0.5274E-01
   43.20      0.5144E-01
   43.30      0.5017E-01
   43.40      0.4893E-01
   43.50      0.4773E-01
   43.60      0.4658E-01
   43.70      0.4547E-01
   43.80      0.4440E-01
   43.90      0.4338E-01
   44.00      0.4242E-01
   44.10      0.4151E-01
   44.20      0.4065E-01
   44.30      0.3984E-01
   44.40      0.3908E-01
   44.50      0.3838E-01
   44.60      0.3772E-01
   44.70      0.3711E-01
   44.80      0.3655E-01
   44.90      0.3602E-01
   45.00      0.3554E-01
   45.10      0.3510E-01
   45.20      0.3469E-01
   45.30      0.3430E-01
   45.40      0.3395E-01
   45.50      0.3362E-01
   45.60      0.3330E-01
   45.70      0.3301E-01
   45.80      0.3272E-01
   45.90      0.3245E-01
   46.00      0.3218E-01
   46.10      0.3191E-01
   46.20      0.3164E-01
   46.30      0.3137E-01
   46.40      0.3110E-01
   46.50      0.3081E-01
   46.60      0.3052E-01
   46.70      0.3022E-01
   46.80      0.2990E-01
   46.90      0.2957E-01
   47.00      0.2923E-01
   47.10      0.2887E-01
   47.20      0.2850E-01
   47.30      0.2811E-01
   47.40      0.2771E-01
   47.50      0.2729E-01
   47.60      0.2687E-01
   47.70      0.2642E-01
   47.80      0.2597E-01
   47.90      0.2551E-01
   48.00      0.2504E-01
   48.10      0.2456E-01
   48.20      0.2408E-01
   48.30      0.2359E-01
   48.40      0.2310E-01
   48.50      0.2261E-01
   48.60      0.2212E-01
   48.70      0.2164E-01
   48.80      0.2116E-01
   48.90      0.2068E-01
   49.00      0.2021E-01
   49.10      0.1975E-01
   49.20      0.1930E-01
   49.30      0.1886E-01
   49.40      0.1844E-01
   49.50      0.1802E-01
   49.60      0.1762E-01
   49.70      0.1724E-01
   49.80      0.1687E-01
   49.90      0.1651E-01
   50.00      0.1617E-01
   50.10      0.1585E-01
   50.20      0.1554E-01
   50.30      0.1525E-01
   50.40      0.1497E-01
   50.50      0.1470E-01
   50.60      0.1445E-01
   50.70      0.1421E-01
   50.80      0.1399E-01
   50.90      0.1377E-01
   51.00      0.1357E-01
   51.10      0.1338E-01
   51.20      0.1320E-01
   51.30      0.1302E-01
   51.40      0.1285E-01
   51.50      0.1269E-01
   51.60      0.1254E-01
   51.70      0.1239E-01
   51.80      0.1224E-01
   51.90      0.1209E-01
   52.00      0.1195E-01
   52.10      0.1181E-01
   52.20      0.1167E-01
   52.30      0.1153E-01
   52.40      0.1139E-01
   52.50      0.1125E-01
   52.60      0.1110E-01
   52.70      0.1096E-01
   52.80      0.1081E-01
   52.90      0.1066E-01
   53.00      0.1051E-01
   53.10      0.1036E-01
   53.20      0.1020E-01
   53.30      0.1004E-01
   53.40      0.9880E-02
   53.50      0.9716E-02
   53.60      0.9551E-02
   53.70      0.9383E-02
   53.80      0.9215E-02
   53.90      0.9045E-02
   54.00      0.8874E-02
   54.10      0.8703E-02
   54.20      0.8532E-02
   54.30      0.8362E-02
   54.40      0.8192E-02
   54.50      0.8024E-02
   54.60      0.7857E-02
   54.70      0.7692E-02
   54.80      0.7529E-02
   54.90      0.7369E-02
   55.00      0.7212E-02
   55.10      0.7058E-02
   55.20      0.6908E-02
   55.30      0.6761E-02
   55.40      0.6618E-02
   55.50      0.6480E-02
   55.60      0.6346E-02
   55.70      0.6216E-02
   55.80      0.6090E-02
   55.90      0.5969E-02
   56.00      0.5853E-02
   56.10      0.5740E-02
   56.20      0.5633E-02
   56.30      0.5529E-02
   56.40      0.5430E-02
   56.50      0.5334E-02
   56.60      0.5242E-02
   56.70      0.5154E-02
   56.80      0.5070E-02
   56.90      0.4989E-02
   57.00      0.4910E-02
   57.10      0.4835E-02
   57.20      0.4762E-02
   57.30      0.4691E-02
   57.40      0.4623E-02
   57.50      0.4556E-02
   57.60      0.4491E-02
   57.70      0.4428E-02
   57.80      0.4365E-02
   57.90      0.4304E-02
   58.00      0.4243E-02
   58.10      0.4183E-02
   58.20      0.4124E-02
   58.30      0.4065E-02
   58.40      0.4006E-02
   58.50      0.3947E-02
   58.60      0.3889E-02
   58.70      0.3830E-02
   58.80      0.3771E-02
   58.90      0.3712E-02
   59.00      0.3653E-02
   59.10      0.3594E-02
   59.20      0.3534E-02
   59.30      0.3475E-02
   59.40      0.3415E-02
   59.50      0.3355E-02
   59.60      0.3295E-02
   59.70      0.3236E-02
   59.80      0.3176E-02
   59.90      0.3117E-02
   60.00      0.3058E-02
   60.10      0.2999E-02
   60.20      0.2941E-02
   60.30      0.2883E-02
   60.40      0.2826E-02
   60.50      0.2770E-02
   60.60      0.2714E-02
   60.70      0.2660E-02
   60.80      0.2606E-02
   60.90      0.2554E-02
   61.00      0.2502E-02
   61.10      0.2452E-02
   61.20      0.2402E-02
   61.30      0.2354E-02
   61.40      0.2308E-02
   61.50      0.2262E-02
   61.60      0.2218E-02
   61.70      0.2175E-02
   61.80      0.2134E-02
   61.90      0.2093E-02
   62.00      0.2054E-02
   62.10      0.2017E-02
   62.20      0.1980E-02
   62.30      0.1945E-02
   62.40      0.1910E-02
   62.50      0.1877E-02
   62.60      0.1845E-02
   62.70      0.1814E-02
   62.80      0.1783E-02
   62.90      0.1754E-02
   63.00      0.1725E-02
   63.10      0.1697E-02
   63.20      0.1670E-02
   63.30      0.1644E-02
   63.40      0.1618E-02
   63.50      0.1592E-02
   63.60      0.1567E-02
   63.70      0.1542E-02
   63.80      0.1518E-02
   63.90      0.1494E-02
   64.00      0.1470E-02
   64.10      0.1447E-02
   64.20      0.1423E-02
   64.30      0.1400E-02
   64.40      0.1377E-02
   64.50      0.1354E-02
   64.60      0.1332E-02
   64.70      0.1309E-02
   64.80      0.1286E-02
   64.90      0.1264E-02
   65.00      0.1242E-02
   65.10      0.1219E-02
   65.20      0.1197E-02
   65.30      0.1175E-02
   65.40      0.1154E-02
   65.50      0.1132E-02
   65.60      0.1110E-02
   65.70      0.1089E-02
   65.80      0.1068E-02
   65.90      0.1047E-02
   66.00      0.1027E-02
   66.10      0.1007E-02
   66.20      0.9867E-03
   66.30      0.9671E-03
   66.40      0.9479E-03
   66.50      0.9291E-03
   66.60      0.9106E-03
   66.70      0.8926E-03
   66.80      0.8750E-03
   66.90      0.8578E-03
   67.00      0.8410E-03
   67.10      0.8247E-03
   67.20      0.8088E-03
   67.30      0.7934E-03
   67.40      0.7785E-03
   67.50      0.7640E-03
   67.60      0.7499E-03
   67.70      0.7362E-03
   67.80      0.7230E-03
   67.90      0.7102E-03
   68.00      0.6978E-03
   68.10      0.6857E-03
   68.20      0.6741E-03
   68.30      0.6627E-03
   68.40      0.6517E-03
   68.50      0.6410E-03
   68.60      0.6306E-03
   68.70      0.6205E-03
   68.80      0.6106E-03
   68.90      0.6009E-03
   69.00      0.5914E-03
   69.10      0.5822E-03
   69.20      0.5730E-03
   69.30      0.5640E-03
   69.40      0.5552E-03
   69.50      0.5464E-03
   69.60      0.5378E-03
   69.70      0.5292E-03
   69.80      0.5207E-03
   69.90      0.5123E-03
   70.00      0.5039E-03
   70.10      0.4955E-03
   70.20      0.4872E-03
   70.30      0.4789E-03
   70.40      0.4706E-03
   70.50      0.4624E-03
   70.60      0.4541E-03
   70.70      0.4459E-03
   70.80      0.4378E-03
   70.90      0.4296E-03
   71.00      0.4215E-03
   71.10      0.4134E-03
   71.20      0.4054E-03
   71.30      0.3975E-03
   71.40      0.3896E-03
   71.50      0.3818E-03
   71.60      0.3741E-03
   71.70      0.3665E-03
   71.80      0.3590E-03
   71.90      0.3516E-03
   72.00      0.3443E-03
   72.10      0.3372E-03
   72.20      0.3302E-03
   72.30      0.3233E-03
   72.40      0.3167E-03
   72.50      0.3101E-03
   72.60      0.3038E-03
   72.70      0.2976E-03
   72.80      0.2916E-03
   72.90      0.2858E-03
   73.00      0.2801E-03
   73.10      0.2747E-03
   73.20      0.2694E-03
   73.30      0.2643E-03
   73.40      0.2594E-03
   73.50      0.2546E-03
   73.60      0.2501E-03
   73.70      0.2456E-03
   73.80      0.2414E-03
   73.90      0.2373E-03
   74.00      0.2333E-03
   74.10      0.2295E-03
   74.20      0.2258E-03
   74.30      0.2223E-03
   74.40      0.2188E-03
   74.50      0.2155E-03
   74.60      0.2122E-03
   74.70      0.2091E-03
   74.80      0.2060E-03
   74.90      0.2029E-03
   75.00      0.1999E-03
   75.10      0.1970E-03
   75.20      0.1941E-03
   75.30      0.1913E-03
   75.40      0.1884E-03
   75.50      0.1856E-03
   75.60      0.1828E-03
   75.70      0.1800E-03
   75.80      0.1772E-03
   75.90      0.1743E-03
   76.00      0.1715E-03
   76.10      0.1687E-03
   76.20      0.1658E-03
   76.30      0.1630E-03
   76.40      0.1601E-03
   76.50      0.1572E-03
   76.60      0.1543E-03
   76.70      0.1514E-03
   76.80      0.1485E-03
   76.90      0.1455E-03
   77.00      0.1426E-03
   77.10      0.1397E-03
   77.20      0.1367E-03
   77.30      0.1338E-03
   77.40      0.1309E-03
   77.50      0.1280E-03
   77.60      0.1252E-03
   77.70      0.1224E-03
   77.80      0.1196E-03
   77.90      0.1168E-03
   78.00      0.1141E-03
   78.10      0.1115E-03
   78.20      0.1089E-03
   78.30      0.1063E-03
   78.40      0.1039E-03
   78.50      0.1015E-03
   78.60      0.9914E-04
   78.70      0.9688E-04
   78.80      0.9470E-04
   78.90      0.9260E-04
   79.00      0.9058E-04
   79.10      0.8864E-04
   79.20      0.8679E-04
   79.30      0.8501E-04
   79.40      0.8332E-04
   79.50      0.8171E-04
   79.60      0.8018E-04
   79.70      0.7873E-04
   79.80      0.7735E-04
   79.90      0.7605E-04
   80.00      0.7481E-04
   80.10      0.7365E-04
   80.20      0.7254E-04
   80.30      0.7149E-04
   80.40      0.7050E-04
   80.50      0.6956E-04
   80.60      0.6866E-04
   80.70      0.6780E-04
   80.80      0.6697E-04
   80.90      0.6618E-04
   81.00      0.6541E-04
   81.10      0.6466E-04
   81.20      0.6392E-04
   81.30      0.6320E-04
   81.40      0.6249E-04
   81.50      0.6177E-04
   81.60      0.6106E-04
   81.70      0.6034E-04
   81.80      0.5961E-04
   81.90      0.5888E-04
   82.00      0.5813E-04
   82.10      0.5736E-04
   82.20      0.5658E-04
   82.30      0.5578E-04
   82.40      0.5496E-04
   82.50      0.5412E-04
   82.60      0.5326E-04
   82.70      0.5239E-04
   82.80      0.5149E-04
   82.90      0.5057E-04
   83.00      0.4963E-04
   83.10      0.4868E-04
   83.20      0.4771E-04
   83.30      0.4673E-04
   83.40      0.4573E-04
   83.50      0.4473E-04
   83.60      0.4372E-04
   83.70      0.4270E-04
   83.80      0.4168E-04
   83.90      0.4067E-04
   84.00      0.3965E-04
   84.10      0.3864E-04
   84.20      0.3765E-04
   84.30      0.3666E-04
   84.40      0.3569E-04
   84.50      0.3473E-04
   84.60      0.3380E-04
   84.70      0.3289E-04
   84.80      0.3200E-04
   84.90      0.3114E-04
   85.00      0.3031E-04
   85.10      0.2951E-04
   85.20      0.2874E-04
   85.30      0.2800E-04
   85.40      0.2730E-04
   85.50      0.2663E-04
   85.60      0.2600E-04
   85.70      0.2540E-04
   85.80      0.2484E-04
   85.90      0.2432E-04
   86.00      0.2382E-04
   86.10      0.2336E-04
   86.20      0.2294E-04
   86.30      0.2254E-04
   86.40      0.2217E-04
   86.50      0.2184E-04
   86.60      0.2153E-04
   86.70      0.2124E-04
   86.80      0.2098E-04
   86.90      0.2073E-04
   87.00      0.2051E-04
   87.10      0.2030E-04
   87.20      0.2011E-04
   87.30      0.1993E-04
   87.40      0.1976E-04
   87.50      0.1960E-04
   87.60      0.1944E-04
   87.70      0.1929E-04
   87.80      0.1914E-04
   87.90      0.1899E-04
   88.00      0.1883E-04
   88.10      0.1868E-04
   88.20      0.1852E-04
   88.30      0.1835E-04
   88.40      0.1817E-04
   88.50      0.1799E-04
   88.60      0.1779E-04
   88.70      0.1759E-04
   88.80      0.1737E-04
   88.90      0.1714E-04
   89.00      0.1690E-04
   89.10      0.1665E-04
   89.20      0.1638E-04
   89.30      0.1610E-04
   89.40      0.1581E-04
   89.50      0.1551E-04
   89.60      0.1520E-04
   89.70      0.1488E-04
   89.80      0.1454E-04
   89.90      0.1420E-04
   90.00      0.1386E-04
   90.10      0.1351E-04
   90.20      0.1315E-04
   90.30      0.1279E-04
   90.40      0.1243E-04
   90.50      0.1206E-04
   90.60      0.1170E-04
   90.70      0.1135E-04
   90.80      0.1099E-04
   90.90      0.1064E-04
   91.00      0.1030E-04
   91.10      0.9962E-05
   91.20      0.9635E-05
   91.30      0.9317E-05
   91.40      0.9011E-05
   91.50      0.8716E-05
   91.60      0.8434E-05
   91.70      0.8165E-05
   91.80      0.7910E-05
   91.90      0.7669E-05
   92.00      0.7443E-05
   92.10      0.7232E-05
   92.20      0.7036E-05
   92.30      0.6855E-05
   92.40      0.6689E-05
   92.50      0.6539E-05
   92.60      0.6403E-05
   92.70      0.6282E-05
   92.80      0.6175E-05
   92.90      0.6081E-05
   93.00      0.6000E-05
   93.10      0.5932E-05
   93.20      0.5875E-05
   93.30      0.5829E-05
   93.40      0.5793E-05
   93.50      0.5765E-05
   93.60      0.5745E-05
   93.70      0.5733E-05
   93.80      0.5726E-05
   93.90      0.5723E-05
   94.00      0.5725E-05
   94.10      0.5729E-05
   94.20      0.5735E-05
   94.30      0.5742E-05
   94.40      0.5748E-05
   94.50      0.5753E-05
   94.60      0.5755E-05
   94.70      0.5755E-05
   94.80      0.5751E-05
   94.90      0.5742E-05
   95.00      0.5729E-05
   95.10      0.5709E-05
   95.20      0.5684E-05
   95.30      0.5652E-05
   95.40      0.5613E-05
   95.50      0.5567E-05
   95.60      0.5514E-05
   95.70      0.5454E-05
   95.80      0.5386E-05
   95.90      0.5311E-05
   96.00      0.5230E-05
   96.10      0.5141E-05
   96.20      0.5046E-05
   96.30      0.4944E-05
   96.40      0.4837E-05
   96.50      0.4724E-05
   96.60      0.4606E-05
   96.70      0.4484E-05
   96.80      0.4358E-05
   96.90      0.4229E-05
   97.00      0.4096E-05
   97.10      0.3962E-05
   97.20      0.3826E-05
   97.30      0.3689E-05
   97.40      0.3552E-05
   97.50      0.3416E-05
   97.60      0.3280E-05
   97.70      0.3146E-05
   97.80      0.3014E-05
   97.90      0.2885E-05
   98.00      0.2760E-05
   98.10      0.2638E-05
   98.20      0.2521E-05
   98.30      0.2408E-05
   98.40      0.2301E-05
   98.50      0.2199E-05
   98.60      0.2104E-05
   98.70      0.2014E-05
   98.80      0.1931E-05
   98.90      0.1854E-05
   99.00      0.1784E-05
   99.10      0.1721E-05
   99.20      0.1664E-05
   99.30      0.1614E-05
   99.40      0.1571E-05
   99.50      0.1534E-05
   99.60      0.1503E-05
   99.70      0.1478E-05
   99.80      0.1459E-05
   99.90      0.1445E-05
   100.0      0.1436E-05
   100.1      0.1432E-05
   100.2      0.1432E-05
   100.3      0.1436E-05
   100.4      0.1444E-05
   100.5      0.1455E-05
   100.6      0.1468E-05
   100.7      0.1483E-05
   100.8      0.1501E-05
   100.9      0.1519E-05
   101.0      0.1539E-05
   101.1      0.1559E-05
   101.2      0.1579E-05
   101.3      0.1599E-05
   101.4      0.1618E-05
   101.5      0.1636E-05
   101.6      0.1652E-05
   101.7      0.1667E-05
   101.8      0.1680E-05
   101.9      0.1690E-05
   102.0      0.1698E-05
   102.1      0.1704E-05
   102.2      0.1706E-05
   102.3      0.1705E-05
   102.4      0.1701E-05
   102.5      0.1694E-05
   102.6      0.1684E-05
   102.7      0.1670E-05
   102.8      0.1653E-05
   102.9      0.1633E-05
   103.0      0.1609E-05
   103.1      0.1582E-05
   103.2      0.1553E-05
   103.3      0.1520E-05
   103.4      0.1485E-05
   103.5      0.1447E-05
   103.6      0.1408E-05
   103.7      0.1366E-05
   103.8      0.1323E-05
   103.9      0.1278E-05
   104.0      0.1232E-05
   104.1      0.1185E-05
   104.2      0.1137E-05
   104.3      0.1089E-05
   104.4      0.1041E-05
   104.5      0.9929E-06
   104.6      0.9453E-06
   104.7      0.8985E-06
   104.8      0.8525E-06
   104.9      0.8077E-06
   105.0      0.7643E-06
   105.1      0.7224E-06
   105.2      0.6823E-06
   105.3      0.6441E-06
   105.4      0.6080E-06
   105.5      0.5741E-06
   105.6      0.5426E-06
   105.7      0.5135E-06
   105.8      0.4870E-06
   105.9      0.4631E-06
   106.0      0.4418E-06
   106.1      0.4232E-06
   106.2      0.4072E-06
   106.3      0.3940E-06
   106.4      0.3833E-06
   106.5      0.3752E-06
   106.6      0.3696E-06
   106.7      0.3664E-06
   106.8      0.3655E-06
   106.9      0.3668E-06
   107.0      0.3702E-06
   107.1      0.3754E-06
   107.2      0.3823E-06
   107.3      0.3908E-06
   107.4      0.4007E-06
   107.5      0.4118E-06
   107.6      0.4239E-06
   107.7      0.4368E-06
   107.8      0.4503E-06
   107.9      0.4643E-06
   108.0      0.4785E-06
   108.1      0.4927E-06
   108.2      0.5069E-06
   108.3      0.5208E-06
   108.4      0.5342E-06
   108.5      0.5471E-06
   108.6      0.5593E-06
   108.7      0.5706E-06
   108.8      0.5809E-06
   108.9      0.5901E-06
   109.0      0.5982E-06
   109.1      0.6050E-06
   109.2      0.6105E-06
   109.3      0.6145E-06
   109.4      0.6172E-06
   109.5      0.6183E-06
   109.6      0.6180E-06
   109.7      0.6161E-06
   109.8      0.6127E-06
   109.9      0.6077E-06
   110.0      0.6013E-06
   110.1      0.5934E-06
   110.2      0.5841E-06
   110.3      0.5733E-06
   110.4      0.5613E-06
   110.5      0.5480E-06
   110.6      0.5335E-06
   110.7      0.5180E-06
   110.8      0.5014E-06
   110.9      0.4840E-06
   111.0      0.4658E-06
   111.1      0.4470E-06
   111.2      0.4276E-06
   111.3      0.4078E-06
   111.4      0.3877E-06
   111.5      0.3675E-06
   111.6      0.3473E-06
   111.7      0.3272E-06
   111.8      0.3073E-06
   111.9      0.2877E-06
   112.0      0.2686E-06
   112.1      0.2501E-06
   112.2      0.2322E-06
   112.3      0.2151E-06
   112.4      0.1988E-06
   112.5      0.1834E-06
   112.6      0.1690E-06
   112.7      0.1556E-06
   112.8      0.1432E-06
   112.9      0.1320E-06
   113.0      0.1219E-06
   113.1      0.1129E-06
   113.2      0.1051E-06
   113.3      0.9851E-07
   113.4      0.9304E-07
   113.5      0.8871E-07
   113.6      0.8552E-07
   113.7      0.8344E-07
   113.8      0.8244E-07
   113.9      0.8248E-07
   114.0      0.8353E-07
   114.1      0.8555E-07
   114.2      0.8849E-07
   114.3      0.9229E-07
   114.4      0.9689E-07
   114.5      0.1022E-06
   114.6      0.1083E-06
   114.7      0.1149E-06
   114.8      0.1221E-06
   114.9      0.1297E-06
   115.0      0.1378E-06
   115.1      0.1461E-06
   115.2      0.1547E-06
   115.3      0.1634E-06
   115.4      0.1721E-06
   115.5      0.1808E-06
   115.6      0.1894E-06
   115.7      0.1979E-06
   115.8      0.2060E-06
   115.9      0.2139E-06
   116.0      0.2213E-06
   116.1      0.2282E-06
   116.2      0.2347E-06
   116.3      0.2405E-06
   116.4      0.2458E-06
   116.5      0.2504E-06
   116.6      0.2543E-06
   116.7      0.2575E-06
   116.8      0.2601E-06
   116.9      0.2619E-06
   117.0      0.2629E-06
   117.1      0.2633E-06
   117.2      0.2630E-06
   117.3      0.2620E-06
   117.4      0.2603E-06
   117.5      0.2581E-06
   117.6      0.2552E-06
   117.7      0.2517E-06
   117.8      0.2477E-06
   117.9      0.2432E-06
   118.0      0.2383E-06
   118.1      0.2329E-06
   118.2      0.2271E-06
   118.3      0.2210E-06
   118.4      0.2146E-06
   118.5      0.2079E-06
   118.6      0.2010E-06
   118.7      0.1940E-06
   118.8      0.1867E-06
   118.9      0.1794E-06
   119.0      0.1720E-06
   119.1      0.1646E-06
   119.2      0.1572E-06
   119.3      0.1499E-06
   119.4      0.1427E-06
   119.5      0.1356E-06
   119.6      0.1287E-06
   119.7      0.1221E-06
   119.8      0.1157E-06
   119.9      0.1095E-06
   120.0      0.1037E-06
   120.1      0.9828E-07
   120.2      0.9322E-07
   120.3      0.8855E-07
   120.4      0.8431E-07
   120.5      0.8051E-07
   120.6      0.7717E-07
   120.7      0.7429E-07
   120.8      0.7187E-07
   120.9      0.6993E-07
   121.0      0.6845E-07
   121.1      0.6743E-07
   121.2      0.6687E-07
   121.3      0.6673E-07
   121.4      0.6701E-07
   121.5      0.6769E-07
   121.6      0.6875E-07
   121.7      0.7016E-07
   121.8      0.7189E-07
   121.9      0.7392E-07
   122.0      0.7623E-07
   122.1      0.7878E-07
   122.2      0.8154E-07
   122.3      0.8450E-07
   122.4      0.8761E-07
   122.5      0.9085E-07
   122.6      0.9419E-07
   122.7      0.9762E-07
   122.8      0.1011E-06
   122.9      0.1046E-06
   123.0      0.1081E-06
   123.1      0.1116E-06
   123.2      0.1150E-06
   123.3      0.1183E-06
   123.4      0.1216E-06
   123.5      0.1247E-06
   123.6      0.1277E-06
   123.7      0.1306E-06
   123.8      0.1333E-06
   123.9      0.1358E-06
   124.0      0.1381E-06
   124.1      0.1402E-06
   124.2      0.1420E-06
   124.3      0.1436E-06
   124.4      0.1449E-06
   124.5      0.1460E-06
   124.6      0.1468E-06
   124.7      0.1474E-06
   124.8      0.1476E-06
   124.9      0.1476E-06
   125.0      0.1473E-06
   125.1      0.1467E-06
   125.2      0.1459E-06
   125.3      0.1448E-06
   125.4      0.1434E-06
   125.5      0.1418E-06
   125.6      0.1400E-06
   125.7      0.1380E-06
   125.8      0.1358E-06
   125.9      0.1334E-06
   126.0      0.1309E-06
   126.1      0.1282E-06
   126.2      0.1254E-06
   126.3      0.1226E-06
   126.4      0.1196E-06
   126.5      0.1167E-06
   126.6      0.1137E-06
   126.7      0.1107E-06
   126.8      0.1077E-06
   126.9      0.1048E-06
   127.0      0.1020E-06
   127.1      0.9917E-07
   127.2      0.9647E-07
   127.3      0.9388E-07
   127.4      0.9142E-07
   127.5      0.8908E-07
   127.6      0.8689E-07
   127.7      0.8484E-07
   127.8      0.8296E-07
   127.9      0.8123E-07
   128.0      0.7966E-07
   128.1      0.7827E-07
   128.2      0.7703E-07
   128.3      0.7596E-07
   128.4      0.7506E-07
   128.5      0.7432E-07
   128.6      0.7373E-07
   128.7      0.7329E-07
   128.8      0.7301E-07
   128.9      0.7287E-07
   129.0      0.7286E-07
   129.1      0.7300E-07
   129.2      0.7326E-07
   129.3      0.7365E-07
   129.4      0.7415E-07
   129.5      0.7478E-07
   129.6      0.7551E-07
   129.7      0.7635E-07
   129.8      0.7728E-07
   129.9      0.7832E-07
   130.0      0.7944E-07
   130.1      0.8064E-07
   130.2      0.8192E-07
   130.3      0.8326E-07
   130.4      0.8466E-07
   130.5      0.8612E-07
   130.6      0.8761E-07
   130.7      0.8913E-07
   130.8      0.9067E-07
   130.9      0.9222E-07
   131.0      0.9376E-07
   131.1      0.9528E-07
   131.2      0.9677E-07
   131.3      0.9822E-07
   131.4      0.9961E-07
   131.5      0.1009E-06
   131.6      0.1022E-06
   131.7      0.1033E-06
   131.8      0.1044E-06
   131.9      0.1053E-06
   132.0      0.1061E-06
   132.1      0.1068E-06
   132.2      0.1073E-06
   132.3      0.1078E-06
   132.4      0.1081E-06
   132.5      0.1082E-06
   132.6      0.1082E-06
   132.7      0.1081E-06
   132.8      0.1079E-06
   132.9      0.1076E-06
   133.0      0.1071E-06
   133.1      0.1065E-06
   133.2      0.1059E-06
   133.3      0.1051E-06
   133.4      0.1043E-06
   133.5      0.1034E-06
   133.6      0.1024E-06
   133.7      0.1014E-06
   133.8      0.1003E-06
   133.9      0.9922E-07
   134.0      0.9807E-07
   134.1      0.9690E-07
   134.2      0.9570E-07
   134.3      0.9447E-07
   134.4      0.9324E-07
   134.5      0.9199E-07
   134.6      0.9074E-07
   134.7      0.8949E-07
   134.8      0.8823E-07
   134.9      0.8699E-07
   135.0      0.8575E-07
   135.1      0.8453E-07
   135.2      0.8333E-07
   135.3      0.8216E-07
   135.4      0.8102E-07
   135.5      0.7991E-07
   135.6      0.7885E-07
   135.7      0.7783E-07
   135.8      0.7687E-07
   135.9      0.7597E-07
   136.0      0.7513E-07
   136.1      0.7437E-07
   136.2      0.7368E-07
   136.3      0.7307E-07
   136.4      0.7253E-07
   136.5      0.7208E-07
   136.6      0.7172E-07
   136.7      0.7144E-07
   136.8      0.7124E-07
   136.9      0.7112E-07
   137.0      0.7109E-07
   137.1      0.7112E-07
   137.2      0.7122E-07
   137.3      0.7139E-07
   137.4      0.7161E-07
   137.5      0.7188E-07
   137.6      0.7220E-07
   137.7      0.7255E-07
   137.8      0.7294E-07
   137.9      0.7335E-07
   138.0      0.7379E-07
   138.1      0.7424E-07
   138.2      0.7470E-07
   138.3      0.7517E-07
   138.4      0.7565E-07
   138.5      0.7614E-07
   138.6      0.7662E-07
   138.7      0.7711E-07
   138.8      0.7760E-07
   138.9      0.7809E-07
   139.0      0.7858E-07
   139.1      0.7907E-07
   139.2      0.7956E-07
   139.3      0.8006E-07
   139.4      0.8055E-07
   139.5      0.8104E-07
   139.6      0.8153E-07
   139.7      0.8202E-07
   139.8      0.8250E-07
   139.9      0.8296E-07
   140.0      0.8342E-07
   140.1      0.8386E-07
   140.2      0.8428E-07
   140.3      0.8467E-07
   140.4      0.8503E-07
   140.5      0.8535E-07
   140.6      0.8564E-07
   140.7      0.8588E-07
   140.8      0.8606E-07
   140.9      0.8619E-07
   141.0      0.8627E-07
   141.1      0.8628E-07
   141.2      0.8623E-07
   141.3      0.8611E-07
   141.4      0.8594E-07
   141.5      0.8569E-07
   141.6      0.8539E-07
   141.7      0.8503E-07
   141.8      0.8462E-07
   141.9      0.8415E-07
   142.0      0.8365E-07
   142.1      0.8310E-07
   142.2      0.8253E-07
   142.3      0.8193E-07
   142.4      0.8131E-07
   142.5      0.8069E-07
   142.6      0.8005E-07
   142.7      0.7942E-07
   142.8      0.7880E-07
   142.9      0.7819E-07
   143.0      0.7760E-07
   143.1      0.7703E-07
   143.2      0.7648E-07
   143.3      0.7597E-07
   143.4      0.7548E-07
   143.5      0.7502E-07
   143.6      0.7460E-07
   143.7      0.7420E-07
   143.8      0.7383E-07
   143.9      0.7350E-07
   144.0      0.7318E-07
   144.1      0.7290E-07
   144.2      0.7263E-07
   144.3      0.7239E-07
   144.4      0.7216E-07
   144.5      0.7194E-07
   144.6      0.7174E-07
   144.7      0.7154E-07
   144.8      0.7135E-07
   144.9      0.7117E-07
   145.0      0.7100E-07
   145.1      0.7084E-07
   145.2      0.7068E-07
   145.3      0.7053E-07
   145.4      0.7040E-07
   145.5      0.7027E-07
   145.6      0.7016E-07
   145.7      0.7008E-07
   145.8      0.7001E-07
   145.9      0.6996E-07
   146.0      0.6994E-07
   146.1      0.6995E-07
   146.2      0.6999E-07
   146.3      0.7006E-07
   146.4      0.7016E-07
   146.5      0.7029E-07
   146.6      0.7045E-07
   146.7      0.7065E-07
   146.8      0.7088E-07
   146.9      0.7113E-07
   147.0      0.7141E-07
   147.1      0.7171E-07
   147.2      0.7204E-07
   147.3      0.7238E-07
   147.4      0.7272E-07
   147.5      0.7308E-07
   147.6      0.7344E-07
   147.7      0.7380E-07
   147.8      0.7415E-07
   147.9      0.7449E-07
   148.0      0.7482E-07
   148.1      0.7513E-07
   148.2      0.7541E-07
   148.3      0.7567E-07
   148.4      0.7591E-07
   148.5      0.7612E-07
   148.6      0.7630E-07
   148.7      0.7646E-07
   148.8      0.7658E-07
   148.9      0.7668E-07
   149.0      0.7676E-07
   149.1      0.7681E-07
   149.2      0.7685E-07
   149.3      0.7686E-07
   149.4      0.7686E-07
   149.5      0.7685E-07
   149.6      0.7682E-07
   149.7      0.7678E-07
   149.8      0.7673E-07
   149.9      0.7668E-07
   150.0      0.7662E-07
   150.1      0.7655E-07
   150.2      0.7648E-07
   150.3      0.7640E-07
   150.4      0.7631E-07
   150.5      0.7622E-07
   150.6      0.7612E-07
   150.7      0.7601E-07
   150.8      0.7590E-07
   150.9      0.7577E-07
   151.0      0.7564E-07
   151.1      0.7550E-07
   151.2      0.7535E-07
   151.3      0.7519E-07
   151.4      0.7501E-07
   151.5      0.7483E-07
   151.6      0.7464E-07
   151.7      0.7443E-07
   151.8      0.7422E-07
   151.9      0.7400E-07
   152.0      0.7378E-07
   152.1      0.7355E-07
   152.2      0.7332E-07
   152.3      0.7309E-07
   152.4      0.7286E-07
   152.5      0.7264E-07
   152.6      0.7242E-07
   152.7      0.7221E-07
   152.8      0.7200E-07
   152.9      0.7181E-07
   153.0      0.7162E-07
   153.1      0.7145E-07
   153.2      0.7129E-07
   153.3      0.7113E-07
   153.4      0.7099E-07
   153.5      0.7085E-07
   153.6      0.7073E-07
   153.7      0.7061E-07
   153.8      0.7049E-07
   153.9      0.7038E-07
   154.0      0.7027E-07
   154.1      0.7017E-07
   154.2      0.7007E-07
   154.3      0.6997E-07
   154.4      0.6988E-07
   154.5      0.6979E-07
   154.6      0.6970E-07
   154.7      0.6962E-07
   154.8      0.6955E-07
   154.9      0.6947E-07
   155.0      0.6941E-07
   155.1      0.6935E-07
   155.2      0.6931E-07
   155.3      0.6927E-07
   155.4      0.6924E-07
   155.5      0.6923E-07
   155.6      0.6923E-07
   155.7      0.6924E-07
   155.8      0.6926E-07
   155.9      0.6930E-07
   156.0      0.6935E-07
   156.1      0.6941E-07
   156.2      0.6949E-07
   156.3      0.6958E-07
   156.4      0.6967E-07
   156.5      0.6978E-07
   156.6      0.6989E-07
   156.7      0.7000E-07
   156.8      0.7012E-07
   156.9      0.7023E-07
   157.0      0.7034E-07
   157.1      0.7044E-07
   157.2      0.7053E-07
   157.3      0.7060E-07
   157.4      0.7067E-07
   157.5      0.7071E-07
   157.6      0.7074E-07
   157.7      0.7076E-07
   157.8      0.7076E-07
   157.9      0.7074E-07
   158.0      0.7071E-07
   158.1      0.7066E-07
   158.2      0.7060E-07
   158.3      0.7053E-07
   158.4      0.7045E-07
   158.5      0.7037E-07
   158.6      0.7028E-07
   158.7      0.7019E-07
   158.8      0.7010E-07
   158.9      0.7001E-07
   159.0      0.6993E-07
   159.1      0.6985E-07
   159.2      0.6978E-07
   159.3      0.6972E-07
   159.4      0.6966E-07
   159.5      0.6962E-07
   159.6      0.6959E-07
   159.7      0.6957E-07
   159.8      0.6955E-07
   159.9      0.6955E-07
   160.0      0.6955E-07
   160.1      0.6956E-07
   160.2      0.6957E-07
   160.3      0.6958E-07
   160.4      0.6959E-07
   160.5      0.6959E-07
   160.6      0.6958E-07
   160.7      0.6957E-07
   160.8      0.6954E-07
   160.9      0.6949E-07
   161.0      0.6943E-07
   161.1      0.6935E-07
   161.2      0.6925E-07
   161.3      0.6914E-07
   161.4      0.6900E-07
   161.5      0.6886E-07
   161.6      0.6869E-07
   161.7      0.6852E-07
   161.8      0.6834E-07
   161.9      0.6815E-07
   162.0      0.6797E-07
   162.1      0.6778E-07
   162.2      0.6759E-07
   162.3      0.6741E-07
   162.4      0.6724E-07
   162.5      0.6708E-07
   162.6      0.6693E-07
   162.7      0.6680E-07
   162.8      0.6669E-07
   162.9      0.6660E-07
   163.0      0.6653E-07
   163.1      0.6648E-07
   163.2      0.6645E-07
   163.3      0.6645E-07
   163.4      0.6646E-07
   163.5      0.6649E-07
   163.6      0.6654E-07
   163.7      0.6661E-07
   163.8      0.6668E-07
   163.9      0.6676E-07
   164.0      0.6684E-07
   164.1      0.6693E-07
   164.2      0.6700E-07
   164.3      0.6708E-07
   164.4      0.6714E-07
   164.5      0.6718E-07
   164.6      0.6721E-07
   164.7      0.6723E-07
   164.8      0.6722E-07
   164.9      0.6720E-07
   165.0      0.6717E-07
   165.1      0.6712E-07
   165.2      0.6705E-07
   165.3      0.6698E-07
   165.4      0.6689E-07
   165.5      0.6681E-07
   165.6      0.6671E-07
   165.7      0.6662E-07
   165.8      0.6653E-07
   165.9      0.6645E-07
   166.0      0.6637E-07
   166.1      0.6631E-07
   166.2      0.6626E-07
   166.3      0.6622E-07
   166.4      0.6621E-07
   166.5      0.6621E-07
   166.6      0.6623E-07
   166.7      0.6626E-07
   166.8      0.6632E-07
   166.9      0.6640E-07
   167.0      0.6650E-07
   167.1      0.6661E-07
   167.2      0.6673E-07
   167.3      0.6687E-07
   167.4      0.6701E-07
   167.5      0.6715E-07
   167.6      0.6729E-07
   167.7      0.6743E-07
   167.8      0.6755E-07
   167.9      0.6766E-07
   168.0      0.6776E-07
   168.1      0.6784E-07
   168.2      0.6789E-07
   168.3      0.6793E-07
   168.4      0.6794E-07
   168.5      0.6793E-07
   168.6      0.6790E-07
   168.7      0.6785E-07
   168.8      0.6778E-07
   168.9      0.6769E-07
   169.0      0.6760E-07
   169.1      0.6749E-07
   169.2      0.6737E-07
   169.3      0.6725E-07
   169.4      0.6713E-07
   169.5      0.6700E-07
   169.6      0.6688E-07
   169.7      0.6677E-07
   169.8      0.6667E-07
   169.9      0.6657E-07
   170.0      0.6649E-07
   170.1      0.6642E-07
   170.2      0.6637E-07
   170.3      0.6634E-07
   170.4      0.6633E-07
   170.5      0.6633E-07
   170.6      0.6636E-07
   170.7      0.6640E-07
   170.8      0.6645E-07
   170.9      0.6652E-07
   171.0      0.6660E-07
   171.1      0.6668E-07
   171.2      0.6676E-07
   171.3      0.6684E-07
   171.4      0.6692E-07
   171.5      0.6699E-07
   171.6      0.6704E-07
   171.7      0.6708E-07
   171.8      0.6710E-07
   171.9      0.6710E-07
   172.0      0.6708E-07
   172.1      0.6705E-07
   172.2      0.6699E-07
   172.3      0.6692E-07
   172.4      0.6683E-07
   172.5      0.6673E-07
   172.6      0.6661E-07
   172.7      0.6649E-07
   172.8      0.6636E-07
   172.9      0.6622E-07
   173.0      0.6608E-07
   173.1      0.6594E-07
   173.2      0.6580E-07
   173.3      0.6567E-07
   173.4      0.6555E-07
   173.5      0.6544E-07
   173.6      0.6534E-07
   173.7      0.6526E-07
   173.8      0.6520E-07
   173.9      0.6516E-07
   174.0      0.6514E-07
   174.1      0.6515E-07
   174.2      0.6518E-07
   174.3      0.6524E-07
   174.4      0.6532E-07
   174.5      0.6542E-07
   174.6      0.6554E-07
   174.7      0.6568E-07
   174.8      0.6582E-07
   174.9      0.6596E-07
   175.0      0.6611E-07
   175.1      0.6624E-07
   175.2      0.6637E-07
   175.3      0.6649E-07
   175.4      0.6659E-07
   175.5      0.6667E-07
   175.6      0.6673E-07
   175.7      0.6677E-07
   175.8      0.6679E-07
   175.9      0.6680E-07
   176.0      0.6678E-07
   176.1      0.6675E-07
   176.2      0.6670E-07
   176.3      0.6663E-07
   176.4      0.6655E-07
   176.5      0.6647E-07
   176.6      0.6637E-07
   176.7      0.6626E-07
   176.8      0.6615E-07
   176.9      0.6603E-07
   177.0      0.6591E-07
   177.1      0.6580E-07
   177.2      0.6569E-07
   177.3      0.6560E-07
   177.4      0.6552E-07
   177.5      0.6546E-07
   177.6      0.6544E-07
   177.7      0.6544E-07
   177.8      0.6548E-07
   177.9      0.6556E-07
   178.0      0.6568E-07
   178.1      0.6583E-07
   178.2      0.6602E-07
   178.3      0.6624E-07
   178.4      0.6649E-07
   178.5      0.6676E-07
   178.6      0.6704E-07
   178.7      0.6733E-07
   178.8      0.6762E-07
   178.9      0.6790E-07
   179.0      0.6816E-07
   179.1      0.6841E-07
   179.2      0.6863E-07
   179.3      0.6882E-07
   179.4      0.6899E-07
   179.5      0.6913E-07
   179.6      0.6925E-07
   179.7      0.6933E-07
   179.8      0.6939E-07
   179.9      0.6943E-07
   180.0      0.6944E-07