 ------- {0, -1} ------- 
       1.00       5.4719E-02
       2.00       5.4863E-02
       3.00       5.5096E-02
       4.00       5.5465E-02
       5.00       5.5922E-02
       6.00       5.6521E-02
       7.00       5.7213E-02
       8.00       5.8053E-02
       9.00       5.9009E-02
      10.00       6.0111E-02
      11.00       6.1377E-02
      12.00       6.2791E-02
      13.00       6.4430E-02
      14.00       6.6266E-02
      15.00       6.8373E-02
      16.00       7.0811E-02
      17.00       7.3589E-02
      18.00       7.6848E-02
      19.00       8.0647E-02
      20.00       8.5037E-02
      21.00       9.0190E-02
      22.00       9.6169E-02
      23.00       0.1030
      24.00       0.1109
      25.00       0.1202
      26.00       0.1311
      27.00       0.1443
      28.00       0.1618
      29.00       0.1874
      30.00       0.2259
      31.00       0.2801
      32.00       0.3485
      33.00       0.4260
      34.00       0.5067
      35.00       0.5851
      36.00       0.6575
      37.00       0.7216
      38.00       0.7766
      39.00       0.8226
      40.00       0.8604
      41.00       0.8909
      42.00       0.9152
      43.00       0.9343
      44.00       0.9494
      45.00       0.9611
      46.00       0.9701
      47.00       0.9771
      48.00       0.9825
      49.00       0.9866
      50.00       0.9898
      51.00       0.9922
      52.00       0.9941
      53.00       0.9955
      54.00       0.9966
      55.00       0.9974
      56.00       0.9980
      57.00       0.9985
      58.00       0.9988
      59.00       0.9991
      60.00       0.9993
      61.00       0.9995
      62.00       0.9996
      63.00       0.9997
      64.00       0.9998
      65.00       0.9998
      66.00       0.9999
      67.00       0.9999
      68.00       0.9999
      69.00       0.9999
      70.00       1.0000
      71.00       1.0000

