Angle (degrees) dσ/dΩ (mb/sr) Ratio (σ/σ_rutherford)
6.880000 875.890000 0.315740
7.390000 235.498000 0.063648
7.900000 716.130000 0.157825
8.410000 1622.140000 0.403551
8.920000 2359.578000 0.744046
9.430000 2713.698000 1.290430
14.010000 142.255000 0.232869
14.520000 202.088000 0.450418
15.030000 262.384000 0.903266
15.540000 293.920000 1.493962
16.050000 310.173000 2.769762
16.560000 273.796000 2.490049
17.060000 229.504000 2.067306
17.570000 168.734000 1.250739
18.080000 122.731000 0.792394
18.590000 84.730000 0.550782
19.100000 58.683000 0.396547
19.610000 46.797000 0.382166
20.120000 40.368000 0.416160
20.630000 39.624000 0.551731
21.140000 43.109000 0.847769
21.650000 44.915000 1.094839
22.150000 44.212000 1.272464
22.660000 42.610000 1.173095
23.170000 35.349000 0.932197
23.680000 28.731000 0.726317
24.190000 23.681000 0.604646
24.700000 18.464000 0.522237
25.210000 14.775000 0.485070
25.710000 12.014000 0.497728
26.220000 9.961000 0.534640
26.730000 8.634000 0.600990
27.240000 8.516000 0.730254
27.750000 8.246000 0.769760
28.260000 8.103000 0.784654
28.770000 7.697000 0.734218
29.270000 6.847000 0.671994
29.780000 5.826000 0.613252
30.290000 4.728000 0.564036
30.800000 3.993000 0.575410
31.310000 3.391000 0.600244
31.820000 2.654000 0.595326
32.320000 1.924000 0.519829
32.830000 1.635000 0.516571
33.340000 1.706000 0.597024
33.850000 1.497000 0.561902
34.360000 1.446000 0.584276
34.860000 1.287000 0.561786
35.370000 1.188000 0.573090
35.880000 1.137000 0.616736
36.390000 1.059000 0.649642
36.890000 0.834000 0.584984
37.400000 0.748000 0.602128
37.910000 0.553000 0.518884
