#  Theta       sigma       iT11        T20         T21         T22         Kyy for projectile
   0.000       19.66    
  0.1000       19.62    
  0.2000       19.49    
  0.3000       19.27    
  0.4000       18.97    
  0.5000       18.60    
  0.6000       18.16    
  0.7000       17.67    
  0.8000       17.13    
  0.9000       16.55    
   1.000       15.96    
   1.100       15.37    
   1.200       14.77    
   1.300       14.21    
   1.400       13.67    
   1.500       13.19    
   1.600       12.77    
   1.700       12.42    
   1.800       12.15    
   1.900       11.98    
   2.000       11.90    
   2.100       11.93    
   2.200       12.07    
   2.300       12.33    
   2.400       12.69    
   2.500       13.16    
   2.600       13.74    
   2.700       14.42    
   2.800       15.19    
   2.900       16.03    
   3.000       16.95    
   3.100       17.93    
   3.200       18.95    
   3.300       20.00    
   3.400       21.06    
   3.500       22.12    
   3.600       23.15    
   3.700       24.16    
   3.800       25.11    
   3.900       26.00    
   4.000       26.80    
   4.100       27.52    
   4.200       28.12    
   4.300       28.61    
   4.400       28.98    
   4.500       29.21    
   4.600       29.31    
   4.700       29.26    
   4.800       29.07    
   4.900       28.74    
   5.000       28.26    
   5.100       27.66    
   5.200       26.92    
   5.300       26.06    
   5.400       25.09    
   5.500       24.02    
   5.600       22.86    
   5.700       21.62    
   5.800       20.32    
   5.900       18.98    
   6.000       17.60    
   6.100       16.20    
   6.200       14.80    
   6.300       13.42    
   6.400       12.06    
   6.500       10.74    
   6.600       9.472    
   6.700       8.269    
   6.800       7.142    
   6.900       6.098    
   7.000       5.147    
   7.100       4.293    
   7.200       3.543    
   7.300       2.899    
   7.400       2.363    
   7.500       1.934    
   7.600       1.613    
   7.700       1.396    
   7.800       1.279    
   7.900       1.257    
   8.000       1.323    
   8.100       1.470    
   8.200       1.691    
   8.300       1.976    
   8.400       2.315    
   8.500       2.700    
   8.600       3.119    
   8.700       3.564    
   8.800       4.025    
   8.900       4.490    
   9.000       4.953    
   9.100       5.403    
   9.200       5.832    
   9.300       6.233    
   9.400       6.600    
   9.500       6.927    
   9.600       7.208    
   9.700       7.440    
   9.800       7.619    
   9.900       7.745    
   10.00       7.815    
   10.10       7.830    
   10.20       7.791    
   10.30       7.698    
   10.40       7.555    
   10.50       7.365    
   10.60       7.132    
   10.70       6.859    
   10.80       6.551    
   10.90       6.214    
   11.00       5.853    
   11.10       5.473    
   11.20       5.081    
   11.30       4.681    
   11.40       4.279    
   11.50       3.881    
   11.60       3.492    
   11.70       3.115    
   11.80       2.756    
   11.90       2.419    
   12.00       2.106    
   12.10       1.821    
   12.20       1.566    
   12.30       1.343    
   12.40       1.152    
   12.50      0.9962    
   12.60      0.8738    
   12.70      0.7850    
   12.80      0.7290    
   12.90      0.7045    
   13.00      0.7097    
   13.10      0.7427    
   13.20      0.8009    
   13.30      0.8817    
   13.40      0.9823    
   13.50       1.100    
   13.60       1.231    
   13.70       1.372    
   13.80       1.520    
   13.90       1.672    
   14.00       1.826    
   14.10       1.977    
   14.20       2.123    
   14.30       2.262    
   14.40       2.391    
   14.50       2.509    
   14.60       2.613    
   14.70       2.702    
   14.80       2.775    
   14.90       2.830    
   15.00       2.868    
   15.10       2.888    
   15.20       2.891    
   15.30       2.875    
   15.40       2.843    
   15.50       2.795    
   15.60       2.731    
   15.70       2.654    
   15.80       2.563    
   15.90       2.462    
   16.00       2.352    
   16.10       2.233    
   16.20       2.109    
   16.30       1.980    
   16.40       1.849    
   16.50       1.717    
   16.60       1.586    
   16.70       1.457    
   16.80       1.332    
   16.90       1.213    
   17.00       1.100    
   17.10      0.9940    
   17.20      0.8967    
   17.30      0.8086    
   17.40      0.7302    
   17.50      0.6620    
   17.60      0.6041    
   17.70      0.5567    
   17.80      0.5198    
   17.90      0.4930    
   18.00      0.4760    
   18.10      0.4684    
   18.20      0.4696    
   18.30      0.4789    
   18.40      0.4954    
   18.50      0.5185    
   18.60      0.5471    
   18.70      0.5804    
   18.80      0.6174    
   18.90      0.6571    
   19.00      0.6986    
   19.10      0.7410    
   19.20      0.7834    
   19.30      0.8250    
   19.40      0.8649    
   19.50      0.9024    
   19.60      0.9369    
   19.70      0.9678    
   19.80      0.9947    
   19.90       1.017    
   20.00       1.035    
   20.10       1.047    
   20.20       1.055    
   20.30       1.057    
   20.40       1.054    
   20.50       1.046    
   20.60       1.033    
   20.70       1.015    
   20.80      0.9936    
   20.90      0.9678    
   21.00      0.9384    
   21.10      0.9058    
   21.20      0.8705    
   21.30      0.8331    
   21.40      0.7940    
   21.50      0.7536    
   21.60      0.7125    
   21.70      0.6712    
   21.80      0.6302    
   21.90      0.5898    
   22.00      0.5505    
   22.10      0.5127    
   22.20      0.4767    
   22.30      0.4428    
   22.40      0.4112    
   22.50      0.3823    
   22.60      0.3561    
   22.70      0.3328    
   22.80      0.3124    
   22.90      0.2951    
   23.00      0.2807    
   23.10      0.2692    
   23.20      0.2605    
   23.30      0.2546    
   23.40      0.2513    
   23.50      0.2503    
   23.60      0.2515    
   23.70      0.2546    
   23.80      0.2594    
   23.90      0.2657    
   24.00      0.2732    
   24.10      0.2816    
   24.20      0.2908    
   24.30      0.3003    
   24.40      0.3100    
   24.50      0.3197    
   24.60      0.3290    
   24.70      0.3379    
   24.80      0.3461    
   24.90      0.3535    
   25.00      0.3599    
   25.10      0.3652    
   25.20      0.3693    
   25.30      0.3721    
   25.40      0.3735    
   25.50      0.3736    
   25.60      0.3724    
   25.70      0.3698    
   25.80      0.3658    
   25.90      0.3606    
   26.00      0.3542    
   26.10      0.3467    
   26.20      0.3382    
   26.30      0.3287    
   26.40      0.3185    
   26.50      0.3076    
   26.60      0.2962    
   26.70      0.2843    
   26.80      0.2722    
   26.90      0.2599    
   27.00      0.2476    
   27.10      0.2353    
   27.20      0.2233    
   27.30      0.2116    
   27.40      0.2003    
   27.50      0.1896    
   27.60      0.1794    
   27.70      0.1698    
   27.80      0.1610    
   27.90      0.1529    
   28.00      0.1455    
   28.10      0.1390    
   28.20      0.1333    
   28.30      0.1283    
   28.40      0.1242    
   28.50      0.1208    
   28.60      0.1182    
   28.70      0.1163    
   28.80      0.1150    
   28.90      0.1143    
   29.00      0.1141    
   29.10      0.1145    
   29.20      0.1152    
   29.30      0.1163    
   29.40      0.1176    
   29.50      0.1192    
   29.60      0.1209    
   29.70      0.1227    
   29.80      0.1245    
   29.90      0.1263    
   30.00      0.1279    
   30.10      0.1294    
   30.20      0.1308    
   30.30      0.1319    
   30.40      0.1327    
   30.50      0.1333    
   30.60      0.1335    
   30.70      0.1334    
   30.80      0.1330    
   30.90      0.1322    
   31.00      0.1311    
   31.10      0.1296    
   31.20      0.1278    
   31.30      0.1257    
   31.40      0.1234    
   31.50      0.1207    
   31.60      0.1178    
   31.70      0.1147    
   31.80      0.1115    
   31.90      0.1080    
   32.00      0.1045    
   32.10      0.1009    
   32.20      0.9721E-01
   32.30      0.9352E-01
   32.40      0.8984E-01
   32.50      0.8621E-01
   32.60      0.8265E-01
   32.70      0.7919E-01
   32.80      0.7585E-01
   32.90      0.7265E-01
   33.00      0.6962E-01
   33.10      0.6676E-01
   33.20      0.6410E-01
   33.30      0.6164E-01
   33.40      0.5939E-01
   33.50      0.5735E-01
   33.60      0.5552E-01
   33.70      0.5391E-01
   33.80      0.5251E-01
   33.90      0.5131E-01
   34.00      0.5031E-01
   34.10      0.4949E-01
   34.20      0.4884E-01
   34.30      0.4835E-01
   34.40      0.4800E-01
   34.50      0.4778E-01
   34.60      0.4767E-01
   34.70      0.4766E-01
   34.80      0.4772E-01
   34.90      0.4784E-01
   35.00      0.4800E-01
   35.10      0.4819E-01
   35.20      0.4838E-01
   35.30      0.4857E-01
   35.40      0.4875E-01
   35.50      0.4889E-01
   35.60      0.4898E-01
   35.70      0.4903E-01
   35.80      0.4901E-01
   35.90      0.4892E-01
   36.00      0.4875E-01
   36.10      0.4851E-01
   36.20      0.4818E-01
   36.30      0.4777E-01
   36.40      0.4727E-01
   36.50      0.4669E-01
   36.60      0.4603E-01
   36.70      0.4530E-01
   36.80      0.4449E-01
   36.90      0.4361E-01
   37.00      0.4267E-01
   37.10      0.4168E-01
   37.20      0.4064E-01
   37.30      0.3957E-01
   37.40      0.3846E-01
   37.50      0.3734E-01
   37.60      0.3619E-01
   37.70      0.3505E-01
   37.80      0.3390E-01
   37.90      0.3277E-01
   38.00      0.3165E-01
   38.10      0.3056E-01
   38.20      0.2950E-01
   38.30      0.2848E-01
   38.40      0.2750E-01
   38.50      0.2656E-01
   38.60      0.2568E-01
   38.70      0.2484E-01
   38.80      0.2407E-01
   38.90      0.2334E-01
   39.00      0.2268E-01
   39.10      0.2207E-01
   39.20      0.2153E-01
   39.30      0.2103E-01
   39.40      0.2059E-01
   39.50      0.2021E-01
   39.60      0.1987E-01
   39.70      0.1957E-01
   39.80      0.1932E-01
   39.90      0.1911E-01
   40.00      0.1893E-01
   40.10      0.1878E-01
   40.20      0.1866E-01
   40.30      0.1856E-01
   40.40      0.1848E-01
   40.50      0.1840E-01
   40.60      0.1834E-01
   40.70      0.1828E-01
   40.80      0.1823E-01
   40.90      0.1817E-01
   41.00      0.1810E-01
   41.10      0.1803E-01
   41.20      0.1794E-01
   41.30      0.1784E-01
   41.40      0.1773E-01
   41.50      0.1759E-01
   41.60      0.1744E-01
   41.70      0.1727E-01
   41.80      0.1708E-01
   41.90      0.1687E-01
   42.00      0.1664E-01
   42.10      0.1639E-01
   42.20      0.1613E-01
   42.30      0.1584E-01
   42.40      0.1555E-01
   42.50      0.1523E-01
   42.60      0.1490E-01
   42.70      0.1457E-01
   42.80      0.1422E-01
   42.90      0.1387E-01
   43.00      0.1351E-01
   43.10      0.1315E-01
   43.20      0.1278E-01
   43.30      0.1242E-01
   43.40      0.1206E-01
   43.50      0.1171E-01
   43.60      0.1136E-01
   43.70      0.1102E-01
   43.80      0.1069E-01
   43.90      0.1038E-01
   44.00      0.1007E-01
   44.10      0.9777E-02
   44.20      0.9498E-02
   44.30      0.9233E-02
   44.40      0.8984E-02
   44.50      0.8750E-02
   44.60      0.8531E-02
   44.70      0.8328E-02
   44.80      0.8140E-02
   44.90      0.7967E-02
   45.00      0.7809E-02
   45.10      0.7664E-02
   45.20      0.7532E-02
   45.30      0.7413E-02
   45.40      0.7305E-02
   45.50      0.7207E-02
   45.60      0.7119E-02
   45.70      0.7039E-02
   45.80      0.6966E-02
   45.90      0.6899E-02
   46.00      0.6838E-02
   46.10      0.6780E-02
   46.20      0.6725E-02
   46.30      0.6672E-02
   46.40      0.6620E-02
   46.50      0.6569E-02
   46.60      0.6516E-02
   46.70      0.6462E-02
   46.80      0.6406E-02
   46.90      0.6348E-02
   47.00      0.6286E-02
   47.10      0.6220E-02
   47.20      0.6151E-02
   47.30      0.6077E-02
   47.40      0.5999E-02
   47.50      0.5917E-02
   47.60      0.5831E-02
   47.70      0.5740E-02
   47.80      0.5645E-02
   47.90      0.5547E-02
   48.00      0.5445E-02
   48.10      0.5339E-02
   48.20      0.5231E-02
   48.30      0.5120E-02
   48.40      0.5008E-02
   48.50      0.4894E-02
   48.60      0.4778E-02
   48.70      0.4663E-02
   48.80      0.4547E-02
   48.90      0.4432E-02
   49.00      0.4317E-02
   49.10      0.4204E-02
   49.20      0.4093E-02
   49.30      0.3983E-02
   49.40      0.3877E-02
   49.50      0.3773E-02
   49.60      0.3672E-02
   49.70      0.3575E-02
   49.80      0.3482E-02
   49.90      0.3392E-02
   50.00      0.3306E-02
   50.10      0.3225E-02
   50.20      0.3147E-02
   50.30      0.3074E-02
   50.40      0.3005E-02
   50.50      0.2940E-02
   50.60      0.2879E-02
   50.70      0.2821E-02
   50.80      0.2768E-02
   50.90      0.2718E-02
   51.00      0.2671E-02
   51.10      0.2627E-02
   51.20      0.2587E-02
   51.30      0.2548E-02
   51.40      0.2513E-02
   51.50      0.2479E-02
   51.60      0.2447E-02
   51.70      0.2416E-02
   51.80      0.2387E-02
   51.90      0.2359E-02
   52.00      0.2332E-02
   52.10      0.2305E-02
   52.20      0.2279E-02
   52.30      0.2253E-02
   52.40      0.2226E-02
   52.50      0.2200E-02
   52.60      0.2173E-02
   52.70      0.2146E-02
   52.80      0.2118E-02
   52.90      0.2090E-02
   53.00      0.2061E-02
   53.10      0.2031E-02
   53.20      0.2000E-02
   53.30      0.1968E-02
   53.40      0.1936E-02
   53.50      0.1903E-02
   53.60      0.1869E-02
   53.70      0.1835E-02
   53.80      0.1800E-02
   53.90      0.1764E-02
   54.00      0.1729E-02
   54.10      0.1692E-02
   54.20      0.1656E-02
   54.30      0.1619E-02
   54.40      0.1583E-02
   54.50      0.1546E-02
   54.60      0.1510E-02
   54.70      0.1474E-02
   54.80      0.1439E-02
   54.90      0.1404E-02
   55.00      0.1370E-02
   55.10      0.1336E-02
   55.20      0.1303E-02
   55.30      0.1272E-02
   55.40      0.1241E-02
   55.50      0.1211E-02
   55.60      0.1182E-02
   55.70      0.1154E-02
   55.80      0.1127E-02
   55.90      0.1101E-02
   56.00      0.1077E-02
   56.10      0.1053E-02
   56.20      0.1031E-02
   56.30      0.1010E-02
   56.40      0.9895E-03
   56.50      0.9703E-03
   56.60      0.9521E-03
   56.70      0.9348E-03
   56.80      0.9185E-03
   56.90      0.9029E-03
   57.00      0.8882E-03
   57.10      0.8741E-03
   57.20      0.8607E-03
   57.30      0.8479E-03
   57.40      0.8356E-03
   57.50      0.8238E-03
   57.60      0.8124E-03
   57.70      0.8013E-03
   57.80      0.7905E-03
   57.90      0.7799E-03
   58.00      0.7695E-03
   58.10      0.7592E-03
   58.20      0.7490E-03
   58.30      0.7388E-03
   58.40      0.7286E-03
   58.50      0.7184E-03
   58.60      0.7081E-03
   58.70      0.6977E-03
   58.80      0.6873E-03
   58.90      0.6767E-03
   59.00      0.6660E-03
   59.10      0.6551E-03
   59.20      0.6442E-03
   59.30      0.6331E-03
   59.40      0.6219E-03
   59.50      0.6106E-03
   59.60      0.5992E-03
   59.70      0.5877E-03
   59.80      0.5762E-03
   59.90      0.5646E-03
   60.00      0.5530E-03
   60.10      0.5415E-03
   60.20      0.5299E-03
   60.30      0.5184E-03
   60.40      0.5070E-03
   60.50      0.4957E-03
   60.60      0.4845E-03
   60.70      0.4734E-03
   60.80      0.4626E-03
   60.90      0.4519E-03
   61.00      0.4414E-03
   61.10      0.4312E-03
   61.20      0.4212E-03
   61.30      0.4115E-03
   61.40      0.4020E-03
   61.50      0.3928E-03
   61.60      0.3839E-03
   61.70      0.3753E-03
   61.80      0.3669E-03
   61.90      0.3589E-03
   62.00      0.3512E-03
   62.10      0.3437E-03
   62.20      0.3366E-03
   62.30      0.3297E-03
   62.40      0.3231E-03
   62.50      0.3168E-03
   62.60      0.3107E-03
   62.70      0.3048E-03
   62.80      0.2992E-03
   62.90      0.2938E-03
   63.00      0.2887E-03
   63.10      0.2837E-03
   63.20      0.2788E-03
   63.30      0.2742E-03
   63.40      0.2697E-03
   63.50      0.2653E-03
   63.60      0.2610E-03
   63.70      0.2569E-03
   63.80      0.2528E-03
   63.90      0.2488E-03
   64.00      0.2449E-03
   64.10      0.2411E-03
   64.20      0.2373E-03
   64.30      0.2335E-03
   64.40      0.2298E-03
   64.50      0.2261E-03
   64.60      0.2224E-03
   64.70      0.2187E-03
   64.80      0.2150E-03
   64.90      0.2114E-03
   65.00      0.2077E-03
   65.10      0.2041E-03
   65.20      0.2004E-03
   65.30      0.1968E-03
   65.40      0.1931E-03
   65.50      0.1895E-03
   65.60      0.1859E-03
   65.70      0.1823E-03
   65.80      0.1787E-03
   65.90      0.1751E-03
   66.00      0.1716E-03
   66.10      0.1681E-03
   66.20      0.1646E-03
   66.30      0.1612E-03
   66.40      0.1578E-03
   66.50      0.1544E-03
   66.60      0.1511E-03
   66.70      0.1478E-03
   66.80      0.1447E-03
   66.90      0.1415E-03
   67.00      0.1385E-03
   67.10      0.1355E-03
   67.20      0.1326E-03
   67.30      0.1297E-03
   67.40      0.1270E-03
   67.50      0.1243E-03
   67.60      0.1217E-03
   67.70      0.1191E-03
   67.80      0.1167E-03
   67.90      0.1143E-03
   68.00      0.1120E-03
   68.10      0.1098E-03
   68.20      0.1076E-03
   68.30      0.1056E-03
   68.40      0.1036E-03
   68.50      0.1016E-03
   68.60      0.9977E-04
   68.70      0.9797E-04
   68.80      0.9622E-04
   68.90      0.9454E-04
   69.00      0.9291E-04
   69.10      0.9132E-04
   69.20      0.8979E-04
   69.30      0.8830E-04
   69.40      0.8685E-04
   69.50      0.8543E-04
   69.60      0.8405E-04
   69.70      0.8270E-04
   69.80      0.8137E-04
   69.90      0.8007E-04
   70.00      0.7879E-04
   70.10      0.7753E-04
   70.20      0.7629E-04
   70.30      0.7506E-04
   70.40      0.7384E-04
   70.50      0.7264E-04
   70.60      0.7144E-04
   70.70      0.7025E-04
   70.80      0.6907E-04
   70.90      0.6789E-04
   71.00      0.6672E-04
   71.10      0.6555E-04
   71.20      0.6439E-04
   71.30      0.6324E-04
   71.40      0.6208E-04
   71.50      0.6093E-04
   71.60      0.5979E-04
   71.70      0.5866E-04
   71.80      0.5752E-04
   71.90      0.5640E-04
   72.00      0.5529E-04
   72.10      0.5418E-04
   72.20      0.5308E-04
   72.30      0.5200E-04
   72.40      0.5092E-04
   72.50      0.4986E-04
   72.60      0.4881E-04
   72.70      0.4778E-04
   72.80      0.4676E-04
   72.90      0.4576E-04
   73.00      0.4477E-04
   73.10      0.4381E-04
   73.20      0.4286E-04
   73.30      0.4193E-04
   73.40      0.4102E-04
   73.50      0.4013E-04
   73.60      0.3926E-04
   73.70      0.3841E-04
   73.80      0.3758E-04
   73.90      0.3678E-04
   74.00      0.3599E-04
   74.10      0.3523E-04
   74.20      0.3448E-04
   74.30      0.3376E-04
   74.40      0.3306E-04
   74.50      0.3237E-04
   74.60      0.3171E-04
   74.70      0.3106E-04
   74.80      0.3044E-04
   74.90      0.2983E-04
   75.00      0.2924E-04
   75.10      0.2867E-04
   75.20      0.2811E-04
   75.30      0.2757E-04
   75.40      0.2704E-04
   75.50      0.2653E-04
   75.60      0.2603E-04
   75.70      0.2554E-04
   75.80      0.2507E-04
   75.90      0.2460E-04
   76.00      0.2415E-04
   76.10      0.2371E-04
   76.20      0.2328E-04
   76.30      0.2285E-04
   76.40      0.2244E-04
   76.50      0.2203E-04
   76.60      0.2163E-04
   76.70      0.2124E-04
   76.80      0.2086E-04
   76.90      0.2048E-04
   77.00      0.2011E-04
   77.10      0.1974E-04
   77.20      0.1938E-04
   77.30      0.1903E-04
   77.40      0.1868E-04
   77.50      0.1834E-04
   77.60      0.1800E-04
   77.70      0.1767E-04
   77.80      0.1734E-04
   77.90      0.1702E-04
   78.00      0.1670E-04
   78.10      0.1638E-04
   78.20      0.1608E-04
   78.30      0.1577E-04
   78.40      0.1547E-04
   78.50      0.1518E-04
   78.60      0.1489E-04
   78.70      0.1461E-04
   78.80      0.1433E-04
   78.90      0.1406E-04
   79.00      0.1379E-04
   79.10      0.1353E-04
   79.20      0.1327E-04
   79.30      0.1302E-04
   79.40      0.1278E-04
   79.50      0.1253E-04
   79.60      0.1230E-04
   79.70      0.1207E-04
   79.80      0.1184E-04
   79.90      0.1162E-04
   80.00      0.1141E-04
   80.10      0.1120E-04
   80.20      0.1099E-04
   80.30      0.1079E-04
   80.40      0.1059E-04
   80.50      0.1040E-04
   80.60      0.1022E-04
   80.70      0.1003E-04
   80.80      0.9855E-05
   80.90      0.9680E-05
   81.00      0.9509E-05
   81.10      0.9342E-05
   81.20      0.9179E-05
   81.30      0.9019E-05
   81.40      0.8862E-05
   81.50      0.8709E-05
   81.60      0.8558E-05
   81.70      0.8410E-05
   81.80      0.8264E-05
   81.90      0.8122E-05
   82.00      0.7981E-05
   82.10      0.7843E-05
   82.20      0.7707E-05
   82.30      0.7573E-05
   82.40      0.7441E-05
   82.50      0.7310E-05
   82.60      0.7182E-05
   82.70      0.7054E-05
   82.80      0.6929E-05
   82.90      0.6805E-05
   83.00      0.6682E-05
   83.10      0.6561E-05
   83.20      0.6441E-05
   83.30      0.6322E-05
   83.40      0.6205E-05
   83.50      0.6088E-05
   83.60      0.5973E-05
   83.70      0.5859E-05
   83.80      0.5747E-05
   83.90      0.5635E-05
   84.00      0.5525E-05
   84.10      0.5416E-05
   84.20      0.5308E-05
   84.30      0.5201E-05
   84.40      0.5096E-05
   84.50      0.4992E-05
   84.60      0.4889E-05
   84.70      0.4788E-05
   84.80      0.4688E-05
   84.90      0.4590E-05
   85.00      0.4492E-05
   85.10      0.4397E-05
   85.20      0.4303E-05
   85.30      0.4210E-05
   85.40      0.4119E-05
   85.50      0.4029E-05
   85.60      0.3941E-05
   85.70      0.3855E-05
   85.80      0.3771E-05
   85.90      0.3688E-05
   86.00      0.3606E-05
   86.10      0.3527E-05
   86.20      0.3449E-05
   86.30      0.3372E-05
   86.40      0.3298E-05
   86.50      0.3225E-05
   86.60      0.3154E-05
   86.70      0.3084E-05
   86.80      0.3016E-05
   86.90      0.2950E-05
   87.00      0.2886E-05
   87.10      0.2823E-05
   87.20      0.2761E-05
   87.30      0.2702E-05
   87.40      0.2644E-05
   87.50      0.2587E-05
   87.60      0.2532E-05
   87.70      0.2479E-05
   87.80      0.2427E-05
   87.90      0.2377E-05
   88.00      0.2328E-05
   88.10      0.2280E-05
   88.20      0.2234E-05
   88.30      0.2189E-05
   88.40      0.2145E-05
   88.50      0.2103E-05
   88.60      0.2062E-05
   88.70      0.2022E-05
   88.80      0.1984E-05
   88.90      0.1946E-05
   89.00      0.1910E-05
   89.10      0.1874E-05
   89.20      0.1840E-05
   89.30      0.1807E-05
   89.40      0.1775E-05
   89.50      0.1743E-05
   89.60      0.1713E-05
   89.70      0.1683E-05
   89.80      0.1655E-05
   89.90      0.1627E-05
   90.00      0.1600E-05
   90.10      0.1573E-05
   90.20      0.1548E-05
   90.30      0.1523E-05
   90.40      0.1498E-05
   90.50      0.1475E-05
   90.60      0.1452E-05
   90.70      0.1429E-05
   90.80      0.1407E-05
   90.90      0.1386E-05
   91.00      0.1364E-05
   91.10      0.1344E-05
   91.20      0.1324E-05
   91.30      0.1304E-05
   91.40      0.1285E-05
   91.50      0.1265E-05
   91.60      0.1247E-05
   91.70      0.1228E-05
   91.80      0.1210E-05
   91.90      0.1192E-05
   92.00      0.1174E-05
   92.10      0.1157E-05
   92.20      0.1140E-05
   92.30      0.1123E-05
   92.40      0.1106E-05
   92.50      0.1089E-05
   92.60      0.1072E-05
   92.70      0.1056E-05
   92.80      0.1040E-05
   92.90      0.1023E-05
   93.00      0.1007E-05
   93.10      0.9911E-06
   93.20      0.9752E-06
   93.30      0.9593E-06
   93.40      0.9434E-06
   93.50      0.9277E-06
   93.60      0.9120E-06
   93.70      0.8964E-06
   93.80      0.8808E-06
   93.90      0.8653E-06
   94.00      0.8499E-06
   94.10      0.8345E-06
   94.20      0.8192E-06
   94.30      0.8040E-06
   94.40      0.7889E-06
   94.50      0.7738E-06
   94.60      0.7588E-06
   94.70      0.7440E-06
   94.80      0.7292E-06
   94.90      0.7145E-06
   95.00      0.6999E-06
   95.10      0.6855E-06
   95.20      0.6712E-06
   95.30      0.6570E-06
   95.40      0.6430E-06
   95.50      0.6291E-06
   95.60      0.6153E-06
   95.70      0.6018E-06
   95.80      0.5884E-06
   95.90      0.5751E-06
   96.00      0.5621E-06
   96.10      0.5492E-06
   96.20      0.5366E-06
   96.30      0.5241E-06
   96.40      0.5119E-06
   96.50      0.4998E-06
   96.60      0.4880E-06
   96.70      0.4764E-06
   96.80      0.4650E-06
   96.90      0.4539E-06
   97.00      0.4429E-06
   97.10      0.4322E-06
   97.20      0.4218E-06
   97.30      0.4116E-06
   97.40      0.4016E-06
   97.50      0.3918E-06
   97.60      0.3823E-06
   97.70      0.3730E-06
   97.80      0.3640E-06
   97.90      0.3552E-06
   98.00      0.3466E-06
   98.10      0.3383E-06
   98.20      0.3302E-06
   98.30      0.3223E-06
   98.40      0.3146E-06
   98.50      0.3072E-06
   98.60      0.3000E-06
   98.70      0.2930E-06
   98.80      0.2862E-06
   98.90      0.2796E-06
   99.00      0.2732E-06
   99.10      0.2670E-06
   99.20      0.2610E-06
   99.30      0.2552E-06
   99.40      0.2496E-06
   99.50      0.2442E-06
   99.60      0.2390E-06
   99.70      0.2339E-06
   99.80      0.2290E-06
   99.90      0.2243E-06
   100.0      0.2197E-06
   100.1      0.2153E-06
   100.2      0.2111E-06
   100.3      0.2070E-06
   100.4      0.2030E-06
   100.5      0.1992E-06
   100.6      0.1956E-06
   100.7      0.1921E-06
   100.8      0.1887E-06
   100.9      0.1854E-06
   101.0      0.1823E-06
   101.1      0.1793E-06
   101.2      0.1764E-06
   101.3      0.1736E-06
   101.4      0.1709E-06
   101.5      0.1683E-06
   101.6      0.1659E-06
   101.7      0.1635E-06
   101.8      0.1612E-06
   101.9      0.1591E-06
   102.0      0.1570E-06
   102.1      0.1550E-06
   102.2      0.1531E-06
   102.3      0.1512E-06
   102.4      0.1494E-06
   102.5      0.1477E-06
   102.6      0.1461E-06
   102.7      0.1445E-06
   102.8      0.1430E-06
   102.9      0.1415E-06
   103.0      0.1400E-06
   103.1      0.1387E-06
   103.2      0.1373E-06
   103.3      0.1360E-06
   103.4      0.1347E-06
   103.5      0.1334E-06
   103.6      0.1322E-06
   103.7      0.1310E-06
   103.8      0.1298E-06
   103.9      0.1286E-06
   104.0      0.1274E-06
   104.1      0.1262E-06
   104.2      0.1250E-06
   104.3      0.1238E-06
   104.4      0.1226E-06
   104.5      0.1214E-06
   104.6      0.1202E-06
   104.7      0.1190E-06
   104.8      0.1177E-06
   104.9      0.1164E-06
   105.0      0.1151E-06
   105.1      0.1138E-06
   105.2      0.1124E-06
   105.3      0.1111E-06
   105.4      0.1096E-06
   105.5      0.1082E-06
   105.6      0.1067E-06
   105.7      0.1052E-06
   105.8      0.1037E-06
   105.9      0.1021E-06
   106.0      0.1005E-06
   106.1      0.9881E-07
   106.2      0.9713E-07
   106.3      0.9543E-07
   106.4      0.9369E-07
   106.5      0.9192E-07
   106.6      0.9013E-07
   106.7      0.8832E-07
   106.8      0.8648E-07
   106.9      0.8462E-07
   107.0      0.8274E-07
   107.1      0.8085E-07
   107.2      0.7895E-07
   107.3      0.7703E-07
   107.4      0.7511E-07
   107.5      0.7318E-07
   107.6      0.7126E-07
   107.7      0.6933E-07
   107.8      0.6742E-07
   107.9      0.6551E-07
   108.0      0.6361E-07
   108.1      0.6172E-07
   108.2      0.5986E-07
   108.3      0.5801E-07
   108.4      0.5619E-07
   108.5      0.5440E-07
   108.6      0.5263E-07
   108.7      0.5090E-07
   108.8      0.4920E-07
   108.9      0.4754E-07
   109.0      0.4592E-07
   109.1      0.4435E-07
   109.2      0.4281E-07
   109.3      0.4133E-07
   109.4      0.3989E-07
   109.5      0.3850E-07
   109.6      0.3716E-07
   109.7      0.3587E-07
   109.8      0.3463E-07
   109.9      0.3345E-07
   110.0      0.3232E-07
   110.1      0.3125E-07
   110.2      0.3023E-07
   110.3      0.2926E-07
   110.4      0.2835E-07
   110.5      0.2749E-07
   110.6      0.2668E-07
   110.7      0.2593E-07
   110.8      0.2523E-07
   110.9      0.2458E-07
   111.0      0.2398E-07
   111.1      0.2342E-07
   111.2      0.2292E-07
   111.3      0.2246E-07
   111.4      0.2204E-07
   111.5      0.2166E-07
   111.6      0.2133E-07
   111.7      0.2103E-07
   111.8      0.2077E-07
   111.9      0.2054E-07
   112.0      0.2034E-07
   112.1      0.2018E-07
   112.2      0.2004E-07
   112.3      0.1993E-07
   112.4      0.1984E-07
   112.5      0.1977E-07
   112.6      0.1972E-07
   112.7      0.1969E-07
   112.8      0.1968E-07
   112.9      0.1968E-07
   113.0      0.1969E-07
   113.1      0.1971E-07
   113.2      0.1974E-07
   113.3      0.1977E-07
   113.4      0.1981E-07
   113.5      0.1986E-07
   113.6      0.1990E-07
   113.7      0.1995E-07
   113.8      0.1999E-07
   113.9      0.2003E-07
   114.0      0.2007E-07
   114.1      0.2010E-07
   114.2      0.2013E-07
   114.3      0.2015E-07
   114.4      0.2016E-07
   114.5      0.2017E-07
   114.6      0.2017E-07
   114.7      0.2016E-07
   114.8      0.2014E-07
   114.9      0.2010E-07
   115.0      0.2006E-07
   115.1      0.2001E-07
   115.2      0.1995E-07
   115.3      0.1988E-07
   115.4      0.1979E-07
   115.5      0.1970E-07
   115.6      0.1959E-07
   115.7      0.1947E-07
   115.8      0.1935E-07
   115.9      0.1921E-07
   116.0      0.1906E-07
   116.1      0.1890E-07
   116.2      0.1874E-07
   116.3      0.1856E-07
   116.4      0.1838E-07
   116.5      0.1818E-07
   116.6      0.1798E-07
   116.7      0.1777E-07
   116.8      0.1755E-07
   116.9      0.1733E-07
   117.0      0.1710E-07
   117.1      0.1686E-07
   117.2      0.1662E-07
   117.3      0.1637E-07
   117.4      0.1612E-07
   117.5      0.1586E-07
   117.6      0.1560E-07
   117.7      0.1533E-07
   117.8      0.1506E-07
   117.9      0.1479E-07
   118.0      0.1451E-07
   118.1      0.1424E-07
   118.2      0.1396E-07
   118.3      0.1368E-07
   118.4      0.1339E-07
   118.5      0.1311E-07
   118.6      0.1283E-07
   118.7      0.1254E-07
   118.8      0.1226E-07
   118.9      0.1197E-07
   119.0      0.1169E-07
   119.1      0.1140E-07
   119.2      0.1112E-07
   119.3      0.1084E-07
   119.4      0.1056E-07
   119.5      0.1028E-07
   119.6      0.1001E-07
   119.7      0.9735E-08
   119.8      0.9465E-08
   119.9      0.9198E-08
   120.0      0.8934E-08
   120.1      0.8673E-08
   120.2      0.8416E-08
   120.3      0.8163E-08
   120.4      0.7915E-08
   120.5      0.7671E-08
   120.6      0.7432E-08
   120.7      0.7198E-08
   120.8      0.6969E-08
   120.9      0.6746E-08
   121.0      0.6528E-08
   121.1      0.6317E-08
   121.2      0.6111E-08
   121.3      0.5913E-08
   121.4      0.5720E-08
   121.5      0.5535E-08
   121.6      0.5357E-08
   121.7      0.5186E-08
   121.8      0.5023E-08
   121.9      0.4867E-08
   122.0      0.4719E-08
   122.1      0.4579E-08
   122.2      0.4446E-08
   122.3      0.4322E-08
   122.4      0.4206E-08
   122.5      0.4099E-08
   122.6      0.4000E-08
   122.7      0.3909E-08
   122.8      0.3826E-08
   122.9      0.3752E-08
   123.0      0.3686E-08
   123.1      0.3629E-08
   123.2      0.3579E-08
   123.3      0.3538E-08
   123.4      0.3505E-08
   123.5      0.3480E-08
   123.6      0.3462E-08
   123.7      0.3452E-08
   123.8      0.3450E-08
   123.9      0.3454E-08
   124.0      0.3465E-08
   124.1      0.3483E-08
   124.2      0.3508E-08
   124.3      0.3538E-08
   124.4      0.3574E-08
   124.5      0.3616E-08
   124.6      0.3663E-08
   124.7      0.3714E-08
   124.8      0.3770E-08
   124.9      0.3830E-08
   125.0      0.3893E-08
   125.1      0.3960E-08
   125.2      0.4029E-08
   125.3      0.4101E-08
   125.4      0.4175E-08
   125.5      0.4250E-08
   125.6      0.4327E-08
   125.7      0.4404E-08
   125.8      0.4482E-08
   125.9      0.4560E-08
   126.0      0.4637E-08
   126.1      0.4714E-08
   126.2      0.4789E-08
   126.3      0.4863E-08
   126.4      0.4934E-08
   126.5      0.5004E-08
   126.6      0.5071E-08
   126.7      0.5135E-08
   126.8      0.5196E-08
   126.9      0.5253E-08
   127.0      0.5307E-08
   127.1      0.5357E-08
   127.2      0.5403E-08
   127.3      0.5444E-08
   127.4      0.5480E-08
   127.5      0.5512E-08
   127.6      0.5539E-08
   127.7      0.5561E-08
   127.8      0.5579E-08
   127.9      0.5591E-08
   128.0      0.5597E-08
   128.1      0.5599E-08
   128.2      0.5595E-08
   128.3      0.5587E-08
   128.4      0.5573E-08
   128.5      0.5554E-08
   128.6      0.5530E-08
   128.7      0.5502E-08
   128.8      0.5468E-08
   128.9      0.5430E-08
   129.0      0.5388E-08
   129.1      0.5341E-08
   129.2      0.5290E-08
   129.3      0.5235E-08
   129.4      0.5177E-08
   129.5      0.5115E-08
   129.6      0.5049E-08
   129.7      0.4981E-08
   129.8      0.4910E-08
   129.9      0.4836E-08
   130.0      0.4760E-08
   130.1      0.4683E-08
   130.2      0.4603E-08
   130.3      0.4522E-08
   130.4      0.4440E-08
   130.5      0.4357E-08
   130.6      0.4273E-08
   130.7      0.4189E-08
   130.8      0.4104E-08
   130.9      0.4020E-08
   131.0      0.3936E-08
   131.1      0.3853E-08
   131.2      0.3771E-08
   131.3      0.3689E-08
   131.4      0.3609E-08
   131.5      0.3531E-08
   131.6      0.3454E-08
   131.7      0.3379E-08
   131.8      0.3306E-08
   131.9      0.3235E-08
   132.0      0.3167E-08
   132.1      0.3101E-08
   132.2      0.3038E-08
   132.3      0.2978E-08
   132.4      0.2920E-08
   132.5      0.2865E-08
   132.6      0.2813E-08
   132.7      0.2765E-08
   132.8      0.2719E-08
   132.9      0.2677E-08
   133.0      0.2637E-08
   133.1      0.2601E-08
   133.2      0.2568E-08
   133.3      0.2538E-08
   133.4      0.2511E-08
   133.5      0.2487E-08
   133.6      0.2466E-08
   133.7      0.2449E-08
   133.8      0.2434E-08
   133.9      0.2422E-08
   134.0      0.2412E-08
   134.1      0.2405E-08
   134.2      0.2401E-08
   134.3      0.2400E-08
   134.4      0.2400E-08
   134.5      0.2403E-08
   134.6      0.2408E-08
   134.7      0.2415E-08
   134.8      0.2424E-08
   134.9      0.2434E-08
   135.0      0.2446E-08
   135.1      0.2460E-08
   135.2      0.2475E-08
   135.3      0.2491E-08
   135.4      0.2509E-08
   135.5      0.2527E-08
   135.6      0.2546E-08
   135.7      0.2566E-08
   135.8      0.2586E-08
   135.9      0.2607E-08
   136.0      0.2628E-08
   136.1      0.2649E-08
   136.2      0.2671E-08
   136.3      0.2692E-08
   136.4      0.2714E-08
   136.5      0.2735E-08
   136.6      0.2756E-08
   136.7      0.2776E-08
   136.8      0.2796E-08
   136.9      0.2815E-08
   137.0      0.2834E-08
   137.1      0.2852E-08
   137.2      0.2869E-08
   137.3      0.2885E-08
   137.4      0.2901E-08
   137.5      0.2915E-08
   137.6      0.2929E-08
   137.7      0.2941E-08
   137.8      0.2953E-08
   137.9      0.2963E-08
   138.0      0.2973E-08
   138.1      0.2981E-08
   138.2      0.2988E-08
   138.3      0.2994E-08
   138.4      0.2999E-08
   138.5      0.3002E-08
   138.6      0.3005E-08
   138.7      0.3006E-08
   138.8      0.3007E-08
   138.9      0.3006E-08
   139.0      0.3004E-08
   139.1      0.3001E-08
   139.2      0.2997E-08
   139.3      0.2992E-08
   139.4      0.2986E-08
   139.5      0.2979E-08
   139.6      0.2972E-08
   139.7      0.2963E-08
   139.8      0.2953E-08
   139.9      0.2943E-08
   140.0      0.2932E-08
   140.1      0.2920E-08
   140.2      0.2908E-08
   140.3      0.2895E-08
   140.4      0.2881E-08
   140.5      0.2867E-08
   140.6      0.2852E-08
   140.7      0.2837E-08
   140.8      0.2821E-08
   140.9      0.2805E-08
   141.0      0.2789E-08
   141.1      0.2772E-08
   141.2      0.2755E-08
   141.3      0.2738E-08
   141.4      0.2721E-08
   141.5      0.2703E-08
   141.6      0.2686E-08
   141.7      0.2668E-08
   141.8      0.2650E-08
   141.9      0.2633E-08
   142.0      0.2615E-08
   142.1      0.2598E-08
   142.2      0.2580E-08
   142.3      0.2563E-08
   142.4      0.2546E-08
   142.5      0.2529E-08
   142.6      0.2512E-08
   142.7      0.2496E-08
   142.8      0.2480E-08
   142.9      0.2464E-08
   143.0      0.2448E-08
   143.1      0.2433E-08
   143.2      0.2418E-08
   143.3      0.2404E-08
   143.4      0.2390E-08
   143.5      0.2376E-08
   143.6      0.2363E-08
   143.7      0.2350E-08
   143.8      0.2338E-08
   143.9      0.2326E-08
   144.0      0.2315E-08
   144.1      0.2304E-08
   144.2      0.2294E-08
   144.3      0.2284E-08
   144.4      0.2274E-08
   144.5      0.2266E-08
   144.6      0.2257E-08
   144.7      0.2249E-08
   144.8      0.2242E-08
   144.9      0.2235E-08
   145.0      0.2229E-08
   145.1      0.2223E-08
   145.2      0.2218E-08
   145.3      0.2213E-08
   145.4      0.2209E-08
   145.5      0.2205E-08
   145.6      0.2202E-08
   145.7      0.2199E-08
   145.8      0.2197E-08
   145.9      0.2195E-08
   146.0      0.2194E-08
   146.1      0.2193E-08
   146.2      0.2193E-08
   146.3      0.2193E-08
   146.4      0.2193E-08
   146.5      0.2194E-08
   146.6      0.2195E-08
   146.7      0.2197E-08
   146.8      0.2199E-08
   146.9      0.2202E-08
   147.0      0.2204E-08
   147.1      0.2207E-08
   147.2      0.2211E-08
   147.3      0.2214E-08
   147.4      0.2218E-08
   147.5      0.2222E-08
   147.6      0.2227E-08
   147.7      0.2231E-08
   147.8      0.2236E-08
   147.9      0.2241E-08
   148.0      0.2246E-08
   148.1      0.2251E-08
   148.2      0.2257E-08
   148.3      0.2262E-08
   148.4      0.2267E-08
   148.5      0.2273E-08
   148.6      0.2279E-08
   148.7      0.2284E-08
   148.8      0.2290E-08
   148.9      0.2295E-08
   149.0      0.2301E-08
   149.1      0.2306E-08
   149.2      0.2311E-08
   149.3      0.2317E-08
   149.4      0.2322E-08
   149.5      0.2327E-08
   149.6      0.2332E-08
   149.7      0.2337E-08
   149.8      0.2341E-08
   149.9      0.2345E-08
   150.0      0.2350E-08
   150.1      0.2354E-08
   150.2      0.2357E-08
   150.3      0.2361E-08
   150.4      0.2364E-08
   150.5      0.2367E-08
   150.6      0.2370E-08
   150.7      0.2372E-08
   150.8      0.2375E-08
   150.9      0.2376E-08
   151.0      0.2378E-08
   151.1      0.2379E-08
   151.2      0.2380E-08
   151.3      0.2381E-08
   151.4      0.2381E-08
   151.5      0.2382E-08
   151.6      0.2381E-08
   151.7      0.2381E-08
   151.8      0.2380E-08
   151.9      0.2379E-08
   152.0      0.2378E-08
   152.1      0.2376E-08
   152.2      0.2374E-08
   152.3      0.2372E-08
   152.4      0.2370E-08
   152.5      0.2367E-08
   152.6      0.2364E-08
   152.7      0.2361E-08
   152.8      0.2357E-08
   152.9      0.2354E-08
   153.0      0.2350E-08
   153.1      0.2346E-08
   153.2      0.2342E-08
   153.3      0.2338E-08
   153.4      0.2334E-08
   153.5      0.2329E-08
   153.6      0.2325E-08
   153.7      0.2320E-08
   153.8      0.2315E-08
   153.9      0.2310E-08
   154.0      0.2306E-08
   154.1      0.2301E-08
   154.2      0.2296E-08
   154.3      0.2291E-08
   154.4      0.2286E-08
   154.5      0.2281E-08
   154.6      0.2276E-08
   154.7      0.2271E-08
   154.8      0.2266E-08
   154.9      0.2262E-08
   155.0      0.2257E-08
   155.1      0.2252E-08
   155.2      0.2248E-08
   155.3      0.2244E-08
   155.4      0.2240E-08
   155.5      0.2235E-08
   155.6      0.2232E-08
   155.7      0.2228E-08
   155.8      0.2224E-08
   155.9      0.2221E-08
   156.0      0.2218E-08
   156.1      0.2215E-08
   156.2      0.2212E-08
   156.3      0.2209E-08
   156.4      0.2207E-08
   156.5      0.2205E-08
   156.6      0.2203E-08
   156.7      0.2201E-08
   156.8      0.2199E-08
   156.9      0.2198E-08
   157.0      0.2197E-08
   157.1      0.2196E-08
   157.2      0.2195E-08
   157.3      0.2195E-08
   157.4      0.2194E-08
   157.5      0.2194E-08
   157.6      0.2194E-08
   157.7      0.2195E-08
   157.8      0.2195E-08
   157.9      0.2196E-08
   158.0      0.2197E-08
   158.1      0.2197E-08
   158.2      0.2199E-08
   158.3      0.2200E-08
   158.4      0.2201E-08
   158.5      0.2203E-08
   158.6      0.2204E-08
   158.7      0.2206E-08
   158.8      0.2208E-08
   158.9      0.2210E-08
   159.0      0.2212E-08
   159.1      0.2214E-08
   159.2      0.2216E-08
   159.3      0.2219E-08
   159.4      0.2221E-08
   159.5      0.2223E-08
   159.6      0.2225E-08
   159.7      0.2228E-08
   159.8      0.2230E-08
   159.9      0.2233E-08
   160.0      0.2235E-08
   160.1      0.2237E-08
   160.2      0.2239E-08
   160.3      0.2242E-08
   160.4      0.2244E-08
   160.5      0.2246E-08
   160.6      0.2248E-08
   160.7      0.2250E-08
   160.8      0.2252E-08
   160.9      0.2254E-08
   161.0      0.2256E-08
   161.1      0.2257E-08
   161.2      0.2259E-08
   161.3      0.2260E-08
   161.4      0.2262E-08
   161.5      0.2263E-08
   161.6      0.2264E-08
   161.7      0.2265E-08
   161.8      0.2266E-08
   161.9      0.2266E-08
   162.0      0.2267E-08
   162.1      0.2267E-08
   162.2      0.2268E-08
   162.3      0.2268E-08
   162.4      0.2268E-08
   162.5      0.2267E-08
   162.6      0.2267E-08
   162.7      0.2267E-08
   162.8      0.2266E-08
   162.9      0.2265E-08
   163.0      0.2264E-08
   163.1      0.2264E-08
   163.2      0.2262E-08
   163.3      0.2261E-08
   163.4      0.2260E-08
   163.5      0.2258E-08
   163.6      0.2257E-08
   163.7      0.2255E-08
   163.8      0.2254E-08
   163.9      0.2252E-08
   164.0      0.2250E-08
   164.1      0.2248E-08
   164.2      0.2246E-08
   164.3      0.2244E-08
   164.4      0.2242E-08
   164.5      0.2240E-08
   164.6      0.2237E-08
   164.7      0.2235E-08
   164.8      0.2233E-08
   164.9      0.2230E-08
   165.0      0.2228E-08
   165.1      0.2226E-08
   165.2      0.2223E-08
   165.3      0.2221E-08
   165.4      0.2218E-08
   165.5      0.2216E-08
   165.6      0.2214E-08
   165.7      0.2211E-08
   165.8      0.2209E-08
   165.9      0.2207E-08
   166.0      0.2204E-08
   166.1      0.2202E-08
   166.2      0.2200E-08
   166.3      0.2198E-08
   166.4      0.2196E-08
   166.5      0.2194E-08
   166.6      0.2192E-08
   166.7      0.2190E-08
   166.8      0.2188E-08
   166.9      0.2186E-08
   167.0      0.2184E-08
   167.1      0.2183E-08
   167.2      0.2181E-08
   167.3      0.2180E-08
   167.4      0.2179E-08
   167.5      0.2177E-08
   167.6      0.2176E-08
   167.7      0.2175E-08
   167.8      0.2174E-08
   167.9      0.2173E-08
   168.0      0.2172E-08
   168.1      0.2172E-08
   168.2      0.2171E-08
   168.3      0.2171E-08
   168.4      0.2170E-08
   168.5      0.2170E-08
   168.6      0.2169E-08
   168.7      0.2169E-08
   168.8      0.2169E-08
   168.9      0.2169E-08
   169.0      0.2169E-08
   169.1      0.2169E-08
   169.2      0.2169E-08
   169.3      0.2169E-08
   169.4      0.2169E-08
   169.5      0.2170E-08
   169.6      0.2170E-08
   169.7      0.2170E-08
   169.8      0.2171E-08
   169.9      0.2171E-08
   170.0      0.2172E-08
   170.1      0.2172E-08
   170.2      0.2173E-08
   170.3      0.2173E-08
   170.4      0.2174E-08
   170.5      0.2175E-08
   170.6      0.2175E-08
   170.7      0.2176E-08
   170.8      0.2177E-08
   170.9      0.2177E-08
   171.0      0.2178E-08
   171.1      0.2179E-08
   171.2      0.2179E-08
   171.3      0.2180E-08
   171.4      0.2181E-08
   171.5      0.2181E-08
   171.6      0.2182E-08
   171.7      0.2183E-08
   171.8      0.2183E-08
   171.9      0.2184E-08
   172.0      0.2184E-08
   172.1      0.2185E-08
   172.2      0.2185E-08
   172.3      0.2186E-08
   172.4      0.2186E-08
   172.5      0.2186E-08
   172.6      0.2186E-08
   172.7      0.2187E-08
   172.8      0.2187E-08
   172.9      0.2187E-08
   173.0      0.2187E-08
   173.1      0.2187E-08
   173.2      0.2187E-08
   173.3      0.2187E-08
   173.4      0.2186E-08
   173.5      0.2186E-08
   173.6      0.2186E-08
   173.7      0.2185E-08
   173.8      0.2185E-08
   173.9      0.2184E-08
   174.0      0.2184E-08
   174.1      0.2183E-08
   174.2      0.2183E-08
   174.3      0.2182E-08
   174.4      0.2181E-08
   174.5      0.2181E-08
   174.6      0.2180E-08
   174.7      0.2179E-08
   174.8      0.2178E-08
   174.9      0.2177E-08
   175.0      0.2176E-08
   175.1      0.2175E-08
   175.2      0.2175E-08
   175.3      0.2173E-08
   175.4      0.2172E-08
   175.5      0.2171E-08
   175.6      0.2170E-08
   175.7      0.2169E-08
   175.8      0.2168E-08
   175.9      0.2167E-08
   176.0      0.2165E-08
   176.1      0.2164E-08
   176.2      0.2163E-08
   176.3      0.2162E-08
   176.4      0.2160E-08
   176.5      0.2159E-08
   176.6      0.2158E-08
   176.7      0.2157E-08
   176.8      0.2155E-08
   176.9      0.2154E-08
   177.0      0.2153E-08
   177.1      0.2151E-08
   177.2      0.2150E-08
   177.3      0.2149E-08
   177.4      0.2148E-08
   177.5      0.2146E-08
   177.6      0.2145E-08
   177.7      0.2144E-08
   177.8      0.2143E-08
   177.9      0.2142E-08
   178.0      0.2141E-08
   178.1      0.2140E-08
   178.2      0.2139E-08
   178.3      0.2138E-08
   178.4      0.2137E-08
   178.5      0.2137E-08
   178.6      0.2136E-08
   178.7      0.2135E-08
   178.8      0.2135E-08
   178.9      0.2134E-08
   179.0      0.2134E-08
   179.1      0.2133E-08
   179.2      0.2133E-08
   179.3      0.2132E-08
   179.4      0.2132E-08
   179.5      0.2132E-08
   179.6      0.2132E-08
   179.7      0.2131E-08
   179.8      0.2131E-08
   179.9      0.2131E-08
   180.0      0.2131E-08