#  Theta       sigma       iT11        T20         T21         T22         Kyy for projectile
   0.000       59.41    
  0.1000       59.37    
  0.2000       59.22    
  0.3000       58.98    
  0.4000       58.63    
  0.5000       58.18    
  0.6000       57.62    
  0.7000       56.95    
  0.8000       56.16    
  0.9000       55.25    
   1.000       54.21    
   1.100       53.04    
   1.200       51.74    
   1.300       50.32    
   1.400       48.78    
   1.500       47.14    
   1.600       45.41    
   1.700       43.62    
   1.800       41.81    
   1.900       40.00    
   2.000       38.25    
   2.100       36.61    
   2.200       35.13    
   2.300       33.87    
   2.400       32.89    
   2.500       32.24    
   2.600       31.98    
   2.700       32.15    
   2.800       32.79    
   2.900       33.93    
   3.000       35.58    
   3.100       37.75    
   3.200       40.40    
   3.300       43.53    
   3.400       47.07    
   3.500       50.96    
   3.600       55.15    
   3.700       59.53    
   3.800       64.03    
   3.900       68.55    
   4.000       72.98    
   4.100       77.24    
   4.200       81.22    
   4.300       84.85    
   4.400       88.05    
   4.500       90.75    
   4.600       92.91    
   4.700       94.47    
   4.800       95.43    
   4.900       95.76    
   5.000       95.48    
   5.100       94.60    
   5.200       93.14    
   5.300       91.15    
   5.400       88.67    
   5.500       85.74    
   5.600       82.44    
   5.700       78.81    
   5.800       74.91    
   5.900       70.81    
   6.000       66.55    
   6.100       62.21    
   6.200       57.82    
   6.300       53.43    
   6.400       49.09    
   6.500       44.83    
   6.600       40.69    
   6.700       36.70    
   6.800       32.88    
   6.900       29.25    
   7.000       25.84    
   7.100       22.66    
   7.200       19.72    
   7.300       17.03    
   7.400       14.61    
   7.500       12.45    
   7.600       10.57    
   7.700       8.968    
   7.800       7.643    
   7.900       6.596    
   8.000       5.825    
   8.100       5.326    
   8.200       5.092    
   8.300       5.113    
   8.400       5.379    
   8.500       5.873    
   8.600       6.579    
   8.700       7.477    
   8.800       8.543    
   8.900       9.752    
   9.000       11.08    
   9.100       12.49    
   9.200       13.96    
   9.300       15.46    
   9.400       16.95    
   9.500       18.40    
   9.600       19.79    
   9.700       21.09    
   9.800       22.27    
   9.900       23.32    
   10.00       24.21    
   10.10       24.93    
   10.20       25.46    
   10.30       25.82    
   10.40       25.98    
   10.50       25.95    
   10.60       25.75    
   10.70       25.37    
   10.80       24.82    
   10.90       24.13    
   11.00       23.31    
   11.10       22.37    
   11.20       21.33    
   11.30       20.22    
   11.40       19.05    
   11.50       17.83    
   11.60       16.60    
   11.70       15.35    
   11.80       14.12    
   11.90       12.90    
   12.00       11.72    
   12.10       10.59    
   12.20       9.514    
   12.30       8.500    
   12.40       7.557    
   12.50       6.690    
   12.60       5.903    
   12.70       5.199    
   12.80       4.580    
   12.90       4.048    
   13.00       3.604    
   13.10       3.246    
   13.20       2.974    
   13.30       2.786    
   13.40       2.680    
   13.50       2.652    
   13.60       2.700    
   13.70       2.819    
   13.80       3.004    
   13.90       3.250    
   14.00       3.549    
   14.10       3.896    
   14.20       4.283    
   14.30       4.702    
   14.40       5.145    
   14.50       5.602    
   14.60       6.065    
   14.70       6.526    
   14.80       6.975    
   14.90       7.403    
   15.00       7.804    
   15.10       8.170    
   15.20       8.493    
   15.30       8.769    
   15.40       8.993    
   15.50       9.162    
   15.60       9.273    
   15.70       9.325    
   15.80       9.319    
   15.90       9.255    
   16.00       9.137    
   16.10       8.967    
   16.20       8.749    
   16.30       8.489    
   16.40       8.192    
   16.50       7.862    
   16.60       7.508    
   16.70       7.133    
   16.80       6.745    
   16.90       6.348    
   17.00       5.948    
   17.10       5.551    
   17.20       5.160    
   17.30       4.780    
   17.40       4.414    
   17.50       4.065    
   17.60       3.736    
   17.70       3.429    
   17.80       3.144    
   17.90       2.884    
   18.00       2.648    
   18.10       2.438    
   18.20       2.253    
   18.30       2.094    
   18.40       1.959    
   18.50       1.849    
   18.60       1.763    
   18.70       1.699    
   18.80       1.658    
   18.90       1.638    
   19.00       1.638    
   19.10       1.657    
   19.20       1.693    
   19.30       1.746    
   19.40       1.813    
   19.50       1.892    
   19.60       1.983    
   19.70       2.082    
   19.80       2.189    
   19.90       2.299    
   20.00       2.412    
   20.10       2.525    
   20.20       2.636    
   20.30       2.741    
   20.40       2.840    
   20.50       2.929    
   20.60       3.008    
   20.70       3.074    
   20.80       3.126    
   20.90       3.164    
   21.00       3.186    
   21.10       3.192    
   21.20       3.181    
   21.30       3.156    
   21.40       3.115    
   21.50       3.059    
   21.60       2.991    
   21.70       2.911    
   21.80       2.820    
   21.90       2.721    
   22.00       2.615    
   22.10       2.504    
   22.20       2.389    
   22.30       2.272    
   22.40       2.155    
   22.50       2.038    
   22.60       1.923    
   22.70       1.812    
   22.80       1.705    
   22.90       1.603    
   23.00       1.506    
   23.10       1.415    
   23.20       1.331    
   23.30       1.253    
   23.40       1.182    
   23.50       1.117    
   23.60       1.058    
   23.70       1.006    
   23.80      0.9606    
   23.90      0.9208    
   24.00      0.8867    
   24.10      0.8581    
   24.20      0.8349    
   24.30      0.8168    
   24.40      0.8036    
   24.50      0.7950    
   24.60      0.7909    
   24.70      0.7910    
   24.80      0.7950    
   24.90      0.8026    
   25.00      0.8135    
   25.10      0.8273    
   25.20      0.8435    
   25.30      0.8616    
   25.40      0.8812    
   25.50      0.9017    
   25.60      0.9225    
   25.70      0.9429    
   25.80      0.9625    
   25.90      0.9807    
   26.00      0.9968    
   26.10       1.010    
   26.20       1.021    
   26.30       1.028    
   26.40       1.032    
   26.50       1.032    
   26.60       1.028    
   26.70       1.020    
   26.80       1.008    
   26.90      0.9923    
   27.00      0.9734    
   27.10      0.9514    
   27.20      0.9266    
   27.30      0.8994    
   27.40      0.8703    
   27.50      0.8398    
   27.60      0.8082    
   27.70      0.7760    
   27.80      0.7436    
   27.90      0.7114    
   28.00      0.6797    
   28.10      0.6488    
   28.20      0.6189    
   28.30      0.5903    
   28.40      0.5631    
   28.50      0.5374    
   28.60      0.5133    
   28.70      0.4908    
   28.80      0.4699    
   28.90      0.4505    
   29.00      0.4326    
   29.10      0.4162    
   29.20      0.4011    
   29.30      0.3873    
   29.40      0.3748    
   29.50      0.3634    
   29.60      0.3532    
   29.70      0.3440    
   29.80      0.3359    
   29.90      0.3289    
   30.00      0.3228    
   30.10      0.3178    
   30.20      0.3137    
   30.30      0.3106    
   30.40      0.3085    
   30.50      0.3073    
   30.60      0.3070    
   30.70      0.3075    
   30.80      0.3086    
   30.90      0.3104    
   31.00      0.3126    
   31.10      0.3151    
   31.20      0.3177    
   31.30      0.3203    
   31.40      0.3228    
   31.50      0.3249    
   31.60      0.3266    
   31.70      0.3276    
   31.80      0.3280    
   31.90      0.3275    
   32.00      0.3262    
   32.10      0.3239    
   32.20      0.3207    
   32.30      0.3166    
   32.40      0.3117    
   32.50      0.3060    
   32.60      0.2995    
   32.70      0.2924    
   32.80      0.2847    
   32.90      0.2767    
   33.00      0.2683    
   33.10      0.2597    
   33.20      0.2510    
   33.30      0.2424    
   33.40      0.2338    
   33.50      0.2255    
   33.60      0.2174    
   33.70      0.2095    
   33.80      0.2021    
   33.90      0.1950    
   34.00      0.1883    
   34.10      0.1820    
   34.20      0.1761    
   34.30      0.1706    
   34.40      0.1654    
   34.50      0.1605    
   34.60      0.1558    
   34.70      0.1515    
   34.80      0.1473    
   34.90      0.1434    
   35.00      0.1396    
   35.10      0.1360    
   35.20      0.1326    
   35.30      0.1293    
   35.40      0.1262    
   35.50      0.1234    
   35.60      0.1207    
   35.70      0.1183    
   35.80      0.1161    
   35.90      0.1143    
   36.00      0.1126    
   36.10      0.1113    
   36.20      0.1102    
   36.30      0.1094    
   36.40      0.1088    
   36.50      0.1084    
   36.60      0.1082    
   36.70      0.1081    
   36.80      0.1080    
   36.90      0.1080    
   37.00      0.1080    
   37.10      0.1079    
   37.20      0.1076    
   37.30      0.1072    
   37.40      0.1067    
   37.50      0.1060    
   37.60      0.1050    
   37.70      0.1038    
   37.80      0.1025    
   37.90      0.1009    
   38.00      0.9911E-01
   38.10      0.9716E-01
   38.20      0.9505E-01
   38.30      0.9281E-01
   38.40      0.9047E-01
   38.50      0.8806E-01
   38.60      0.8560E-01
   38.70      0.8313E-01
   38.80      0.8067E-01
   38.90      0.7825E-01
   39.00      0.7589E-01
   39.10      0.7361E-01
   39.20      0.7142E-01
   39.30      0.6933E-01
   39.40      0.6736E-01
   39.50      0.6549E-01
   39.60      0.6373E-01
   39.70      0.6207E-01
   39.80      0.6050E-01
   39.90      0.5900E-01
   40.00      0.5756E-01
   40.10      0.5617E-01
   40.20      0.5482E-01
   40.30      0.5348E-01
   40.40      0.5216E-01
   40.50      0.5085E-01
   40.60      0.4954E-01
   40.70      0.4825E-01
   40.80      0.4697E-01
   40.90      0.4572E-01
   41.00      0.4451E-01
   41.10      0.4335E-01
   41.20      0.4225E-01
   41.30      0.4122E-01
   41.40      0.4028E-01
   41.50      0.3943E-01
   41.60      0.3868E-01
   41.70      0.3803E-01
   41.80      0.3747E-01
   41.90      0.3700E-01
   42.00      0.3661E-01
   42.10      0.3628E-01
   42.20      0.3602E-01
   42.30      0.3579E-01
   42.40      0.3560E-01
   42.50      0.3542E-01
   42.60      0.3523E-01
   42.70      0.3504E-01
   42.80      0.3482E-01
   42.90      0.3458E-01
   43.00      0.3429E-01
   43.10      0.3396E-01
   43.20      0.3358E-01
   43.30      0.3315E-01
   43.40      0.3267E-01
   43.50      0.3215E-01
   43.60      0.3157E-01
   43.70      0.3096E-01
   43.80      0.3030E-01
   43.90      0.2962E-01
   44.00      0.2891E-01
   44.10      0.2818E-01
   44.20      0.2745E-01
   44.30      0.2672E-01
   44.40      0.2601E-01
   44.50      0.2531E-01
   44.60      0.2464E-01
   44.70      0.2400E-01
   44.80      0.2340E-01
   44.90      0.2284E-01
   45.00      0.2231E-01
   45.10      0.2182E-01
   45.20      0.2136E-01
   45.30      0.2093E-01
   45.40      0.2051E-01
   45.50      0.2010E-01
   45.60      0.1970E-01
   45.70      0.1929E-01
   45.80      0.1888E-01
   45.90      0.1845E-01
   46.00      0.1802E-01
   46.10      0.1757E-01
   46.20      0.1712E-01
   46.30      0.1666E-01
   46.40      0.1620E-01
   46.50      0.1574E-01
   46.60      0.1530E-01
   46.70      0.1488E-01
   46.80      0.1448E-01
   46.90      0.1411E-01
   47.00      0.1376E-01
   47.10      0.1346E-01
   47.20      0.1318E-01
   47.30      0.1293E-01
   47.40      0.1272E-01
   47.50      0.1253E-01
   47.60      0.1237E-01
   47.70      0.1223E-01
   47.80      0.1210E-01
   47.90      0.1199E-01
   48.00      0.1189E-01
   48.10      0.1179E-01
   48.20      0.1169E-01
   48.30      0.1160E-01
   48.40      0.1150E-01
   48.50      0.1140E-01
   48.60      0.1129E-01
   48.70      0.1117E-01
   48.80      0.1104E-01
   48.90      0.1089E-01
   49.00      0.1073E-01
   49.10      0.1055E-01
   49.20      0.1036E-01
   49.30      0.1015E-01
   49.40      0.9921E-02
   49.50      0.9684E-02
   49.60      0.9437E-02
   49.70      0.9186E-02
   49.80      0.8935E-02
   49.90      0.8688E-02
   50.00      0.8449E-02
   50.10      0.8222E-02
   50.20      0.8009E-02
   50.30      0.7813E-02
   50.40      0.7634E-02
   50.50      0.7472E-02
   50.60      0.7324E-02
   50.70      0.7189E-02
   50.80      0.7062E-02
   50.90      0.6941E-02
   51.00      0.6821E-02
   51.10      0.6700E-02
   51.20      0.6573E-02
   51.30      0.6441E-02
   51.40      0.6300E-02
   51.50      0.6152E-02
   51.60      0.5997E-02
   51.70      0.5836E-02
   51.80      0.5673E-02
   51.90      0.5509E-02
   52.00      0.5347E-02
   52.10      0.5190E-02
   52.20      0.5039E-02
   52.30      0.4897E-02
   52.40      0.4764E-02
   52.50      0.4641E-02
   52.60      0.4528E-02
   52.70      0.4425E-02
   52.80      0.4330E-02
   52.90      0.4244E-02
   53.00      0.4165E-02
   53.10      0.4093E-02
   53.20      0.4027E-02
   53.30      0.3967E-02
   53.40      0.3913E-02
   53.50      0.3865E-02
   53.60      0.3822E-02
   53.70      0.3784E-02
   53.80      0.3751E-02
   53.90      0.3721E-02
   54.00      0.3692E-02
   54.10      0.3664E-02
   54.20      0.3634E-02
   54.30      0.3601E-02
   54.40      0.3561E-02
   54.50      0.3515E-02
   54.60      0.3459E-02
   54.70      0.3395E-02
   54.80      0.3321E-02
   54.90      0.3240E-02
   55.00      0.3151E-02
   55.10      0.3058E-02
   55.20      0.2962E-02
   55.30      0.2866E-02
   55.40      0.2774E-02
   55.50      0.2687E-02
   55.60      0.2607E-02
   55.70      0.2536E-02
   55.80      0.2474E-02
   55.90      0.2421E-02
   56.00      0.2377E-02
   56.10      0.2340E-02
   56.20      0.2307E-02
   56.30      0.2278E-02
   56.40      0.2250E-02
   56.50      0.2222E-02
   56.60      0.2191E-02
   56.70      0.2156E-02
   56.80      0.2118E-02
   56.90      0.2076E-02
   57.00      0.2031E-02
   57.10      0.1984E-02
   57.20      0.1935E-02
   57.30      0.1886E-02
   57.40      0.1838E-02
   57.50      0.1792E-02
   57.60      0.1748E-02
   57.70      0.1706E-02
   57.80      0.1667E-02
   57.90      0.1630E-02
   58.00      0.1595E-02
   58.10      0.1561E-02
   58.20      0.1528E-02
   58.30      0.1495E-02
   58.40      0.1463E-02
   58.50      0.1431E-02
   58.60      0.1400E-02
   58.70      0.1370E-02
   58.80      0.1343E-02
   58.90      0.1319E-02
   59.00      0.1299E-02
   59.10      0.1283E-02
   59.20      0.1272E-02
   59.30      0.1264E-02
   59.40      0.1260E-02
   59.50      0.1257E-02
   59.60      0.1255E-02
   59.70      0.1253E-02
   59.80      0.1247E-02
   59.90      0.1238E-02
   60.00      0.1223E-02
   60.10      0.1203E-02
   60.20      0.1176E-02
   60.30      0.1144E-02
   60.40      0.1107E-02
   60.50      0.1066E-02
   60.60      0.1023E-02
   60.70      0.9795E-03
   60.80      0.9377E-03
   60.90      0.8988E-03
   61.00      0.8643E-03
   61.10      0.8349E-03
   61.20      0.8109E-03
   61.30      0.7922E-03
   61.40      0.7782E-03
   61.50      0.7680E-03
   61.60      0.7604E-03
   61.70      0.7543E-03
   61.80      0.7483E-03
   61.90      0.7415E-03
   62.00      0.7332E-03
   62.10      0.7230E-03
   62.20      0.7109E-03
   62.30      0.6971E-03
   62.40      0.6822E-03
   62.50      0.6668E-03
   62.60      0.6517E-03
   62.70      0.6375E-03
   62.80      0.6247E-03
   62.90      0.6133E-03
   63.00      0.6035E-03
   63.10      0.5949E-03
   63.20      0.5869E-03
   63.30      0.5789E-03
   63.40      0.5702E-03
   63.50      0.5602E-03
   63.60      0.5485E-03
   63.70      0.5348E-03
   63.80      0.5193E-03
   63.90      0.5024E-03
   64.00      0.4847E-03
   64.10      0.4672E-03
   64.20      0.4506E-03
   64.30      0.4361E-03
   64.40      0.4244E-03
   64.50      0.4161E-03
   64.60      0.4114E-03
   64.70      0.4101E-03
   64.80      0.4118E-03
   64.90      0.4156E-03
   65.00      0.4205E-03
   65.10      0.4252E-03
   65.20      0.4285E-03
   65.30      0.4292E-03
   65.40      0.4265E-03
   65.50      0.4199E-03
   65.60      0.4092E-03
   65.70      0.3947E-03
   65.80      0.3769E-03
   65.90      0.3568E-03
   66.00      0.3356E-03
   66.10      0.3145E-03
   66.20      0.2946E-03
   66.30      0.2770E-03
   66.40      0.2623E-03
   66.50      0.2510E-03
   66.60      0.2432E-03
   66.70      0.2386E-03
   66.80      0.2365E-03
   66.90      0.2363E-03
   67.00      0.2371E-03
   67.10      0.2381E-03
   67.20      0.2384E-03
   67.30      0.2377E-03
   67.40      0.2356E-03
   67.50      0.2322E-03
   67.60      0.2276E-03
   67.70      0.2223E-03
   67.80      0.2170E-03
   67.90      0.2122E-03
   68.00      0.2084E-03
   68.10      0.2061E-03
   68.20      0.2055E-03
   68.30      0.2065E-03
   68.40      0.2087E-03
   68.50      0.2117E-03
   68.60      0.2149E-03
   68.70      0.2174E-03
   68.80      0.2185E-03
   68.90      0.2178E-03
   69.00      0.2147E-03
   69.10      0.2092E-03
   69.20      0.2015E-03
   69.30      0.1919E-03
   69.40      0.1812E-03
   69.50      0.1703E-03
   69.60      0.1599E-03
   69.70      0.1509E-03
   69.80      0.1441E-03
   69.90      0.1399E-03
   70.00      0.1386E-03
   70.10      0.1401E-03
   70.20      0.1438E-03
   70.30      0.1492E-03
   70.40      0.1554E-03
   70.50      0.1614E-03
   70.60      0.1662E-03
   70.70      0.1692E-03
   70.80      0.1696E-03
   70.90      0.1671E-03
   71.00      0.1618E-03
   71.10      0.1539E-03
   71.20      0.1440E-03
   71.30      0.1328E-03
   71.40      0.1212E-03
   71.50      0.1101E-03
   71.60      0.1003E-03
   71.70      0.9246E-04
   71.80      0.8689E-04
   71.90      0.8373E-04
   72.00      0.8281E-04
   72.10      0.8375E-04
   72.20      0.8596E-04
   72.30      0.8878E-04
   72.40      0.9150E-04
   72.50      0.9354E-04
   72.60      0.9443E-04
   72.70      0.9393E-04
   72.80      0.9203E-04
   72.90      0.8895E-04
   73.00      0.8509E-04
   73.10      0.8098E-04
   73.20      0.7722E-04
   73.30      0.7436E-04
   73.40      0.7286E-04
   73.50      0.7299E-04
   73.60      0.7480E-04
   73.70      0.7813E-04
   73.80      0.8259E-04
   73.90      0.8761E-04
   74.00      0.9252E-04
   74.10      0.9665E-04
   74.20      0.9936E-04
   74.30      0.1002E-03
   74.40      0.9878E-04
   74.50      0.9518E-04
   74.60      0.8958E-04
   74.70      0.8243E-04
   74.80      0.7436E-04
   74.90      0.6612E-04
   75.00      0.5848E-04
   75.10      0.5215E-04
   75.20      0.4769E-04
   75.30      0.4544E-04
   75.40      0.4551E-04
   75.50      0.4773E-04
   75.60      0.5169E-04
   75.70      0.5678E-04
   75.80      0.6228E-04
   75.90      0.6741E-04
   76.00      0.7147E-04
   76.10      0.7386E-04
   76.20      0.7421E-04
   76.30      0.7237E-04
   76.40      0.6845E-04
   76.50      0.6279E-04
   76.60      0.5594E-04
   76.70      0.4855E-04
   76.80      0.4133E-04
   76.90      0.3494E-04
   77.00      0.2994E-04
   77.10      0.2669E-04
   77.20      0.2535E-04
   77.30      0.2583E-04
   77.40      0.2784E-04
   77.50      0.3092E-04
   77.60      0.3450E-04
   77.70      0.3798E-04
   77.80      0.4080E-04
   77.90      0.4253E-04
   78.00      0.4289E-04
   78.10      0.4182E-04
   78.20      0.3946E-04
   78.30      0.3613E-04
   78.40      0.3232E-04
   78.50      0.2858E-04
   78.60      0.2545E-04
   78.70      0.2343E-04
   78.80      0.2287E-04
   78.90      0.2395E-04
   79.00      0.2662E-04
   79.10      0.3065E-04
   79.20      0.3561E-04
   79.30      0.4093E-04
   79.40      0.4600E-04
   79.50      0.5020E-04
   79.60      0.5302E-04
   79.70      0.5406E-04
   79.80      0.5317E-04
   79.90      0.5038E-04
   80.00      0.4595E-04
   80.10      0.4034E-04
   80.20      0.3413E-04
   80.30      0.2798E-04
   80.40      0.2253E-04
   80.50      0.1835E-04
   80.60      0.1585E-04
   80.70      0.1524E-04
   80.80      0.1650E-04
   80.90      0.1941E-04
   81.00      0.2355E-04
   81.10      0.2836E-04
   81.20      0.3320E-04
   81.30      0.3746E-04
   81.40      0.4059E-04
   81.50      0.4218E-04
   81.60      0.4201E-04
   81.70      0.4010E-04
   81.80      0.3663E-04
   81.90      0.3201E-04
   82.00      0.2675E-04
   82.10      0.2144E-04
   82.20      0.1667E-04
   82.30      0.1293E-04
   82.40      0.1061E-04
   82.50      0.9898E-05
   82.60      0.1078E-04
   82.70      0.1306E-04
   82.80      0.1636E-04
   82.90      0.2020E-04
   83.00      0.2403E-04
   83.10      0.2734E-04
   83.20      0.2967E-04
   83.30      0.3071E-04
   83.40      0.3033E-04
   83.50      0.2858E-04
   83.60      0.2570E-04
   83.70      0.2208E-04
   83.80      0.1821E-04
   83.90      0.1463E-04
   84.00      0.1182E-04
   84.10      0.1020E-04
   84.20      0.1002E-04
   84.30      0.1137E-04
   84.40      0.1413E-04
   84.50      0.1801E-04
   84.60      0.2257E-04
   84.70      0.2728E-04
   84.80      0.3159E-04
   84.90      0.3496E-04
   85.00      0.3698E-04
   85.10      0.3738E-04
   85.20      0.3610E-04
   85.30      0.3325E-04
   85.40      0.2913E-04
   85.50      0.2420E-04
   85.60      0.1901E-04
   85.70      0.1412E-04
   85.80      0.1007E-04
   85.90      0.7302E-05
   86.00      0.6080E-05
   86.10      0.6499E-05
   86.20      0.8454E-05
   86.30      0.1166E-04
   86.40      0.1568E-04
   86.50      0.2000E-04
   86.60      0.2406E-04
   86.70      0.2734E-04
   86.80      0.2944E-04
   86.90      0.3009E-04
   87.00      0.2920E-04
   87.10      0.2687E-04
   87.20      0.2339E-04
   87.30      0.1917E-04
   87.40      0.1470E-04
   87.50      0.1051E-04
   87.60      0.7086E-05
   87.70      0.4806E-05
   87.80      0.3910E-05
   87.90      0.4459E-05
   88.00      0.6340E-05
   88.10      0.9272E-05
   88.20      0.1285E-04
   88.30      0.1659E-04
   88.40      0.2000E-04
   88.50      0.2264E-04
   88.60      0.2415E-04
   88.70      0.2434E-04
   88.80      0.2318E-04
   88.90      0.2082E-04
   89.00      0.1757E-04
   89.10      0.1383E-04
   89.20      0.1010E-04
   89.30      0.6858E-05
   89.40      0.4535E-05
   89.50      0.3451E-05
   89.60      0.3771E-05
   89.70      0.5491E-05
   89.80      0.8431E-05
   89.90      0.1226E-04
   90.00      0.1653E-04
   90.10      0.2075E-04
   90.20      0.2440E-04
   90.30      0.2707E-04
   90.40      0.2842E-04
   90.50      0.2829E-04
   90.60      0.2670E-04
   90.70      0.2382E-04
   90.80      0.2000E-04
   90.90      0.1568E-04
   91.00      0.1136E-04
   91.10      0.7548E-05
   91.20      0.4675E-05
   91.30      0.3060E-05
   91.40      0.2868E-05
   91.50      0.4090E-05
   91.60      0.6548E-05
   91.70      0.9913E-05
   91.80      0.1375E-04
   91.90      0.1758E-04
   92.00      0.2091E-04
   92.10      0.2333E-04
   92.20      0.2453E-04
   92.30      0.2438E-04
   92.40      0.2289E-04
   92.50      0.2023E-04
   92.60      0.1675E-04
   92.70      0.1286E-04
   92.80      0.9033E-05
   92.90      0.5735E-05
   93.00      0.3358E-05
   93.10      0.2179E-05
   93.20      0.2326E-05
   93.30      0.3761E-05
   93.40      0.6290E-05
   93.50      0.9582E-05
   93.60      0.1322E-04
   93.70      0.1673E-04
   93.80      0.1968E-04
   93.90      0.2169E-04
   94.00      0.2252E-04
   94.10      0.2206E-04
   94.20      0.2037E-04
   94.30      0.1767E-04
   94.40      0.1429E-04
   94.50      0.1067E-04
   94.60      0.7261E-05
   94.70      0.4503E-05
   94.80      0.2750E-05
   94.90      0.2235E-05
   95.00      0.3039E-05
   95.10      0.5081E-05
   95.20      0.8126E-05
   95.30      0.1182E-04
   95.40      0.1571E-04
   95.50      0.1935E-04
   95.60      0.2229E-04
   95.70      0.2418E-04
   95.80      0.2480E-04
   95.90      0.2406E-04
   96.00      0.2206E-04
   96.10      0.1904E-04
   96.20      0.1535E-04
   96.30      0.1144E-04
   96.40      0.7776E-05
   96.50      0.4778E-05
   96.60      0.2798E-05
   96.70      0.2057E-05
   96.80      0.2623E-05
   96.90      0.4405E-05
   97.00      0.7166E-05
   97.10      0.1055E-04
   97.20      0.1412E-04
   97.30      0.1744E-04
   97.40      0.2008E-04
   97.50      0.2173E-04
   97.60      0.2216E-04
   97.70      0.2134E-04
   97.80      0.1936E-04
   97.90      0.1647E-04
   98.00      0.1302E-04
   98.10      0.9442E-05
   98.20      0.6171E-05
   98.30      0.3607E-05
   98.40      0.2060E-05
   98.50      0.1714E-05
   98.60      0.2606E-05
   98.70      0.4616E-05
   98.80      0.7490E-05
   98.90      0.1087E-04
   99.00      0.1432E-04
   99.10      0.1742E-04
   99.20      0.1979E-04
   99.30      0.2111E-04
   99.40      0.2124E-04
   99.50      0.2015E-04
   99.60      0.1797E-04
   99.70      0.1497E-04
   99.80      0.1153E-04
   99.90      0.8061E-05
   100.0      0.4997E-05
   100.1      0.2717E-05
   100.2      0.1503E-05
   100.3      0.1508E-05
   100.4      0.2736E-05
   100.5      0.5039E-05
   100.6      0.8141E-05
   100.7      0.1166E-04
   100.8      0.1518E-04
   100.9      0.1827E-04
   101.0      0.2055E-04
   101.1      0.2176E-04
   101.2      0.2174E-04
   101.3      0.2050E-04
   101.4      0.1820E-04
   101.5      0.1512E-04
   101.6      0.1164E-04
   101.7      0.8170E-05
   101.8      0.5144E-05
   101.9      0.2921E-05
   102.0      0.1766E-05
   102.1      0.1810E-05
   102.2      0.3037E-05
   102.3      0.5286E-05
   102.4      0.8272E-05
   102.5      0.1162E-04
   102.6      0.1491E-04
   102.7      0.1773E-04
   102.8      0.1973E-04
   102.9      0.2066E-04
   103.0      0.2041E-04
   103.1      0.1901E-04
   103.2      0.1662E-04
   103.3      0.1354E-04
   103.4      0.1015E-04
   103.5      0.6859E-05
   103.6      0.4075E-05
   103.7      0.2134E-05
   103.8      0.1273E-05
   103.9      0.1594E-05
   104.0      0.3054E-05
   104.1      0.5469E-05
   104.2      0.8540E-05
   104.3      0.1189E-04
   104.4      0.1510E-04
   104.5      0.1778E-04
   104.6      0.1959E-04
   104.7      0.2033E-04
   104.8      0.1989E-04
   104.9      0.1833E-04
   105.0      0.1586E-04
   105.1      0.1276E-04
   105.2      0.9439E-05
   105.3      0.6291E-05
   105.4      0.3708E-05
   105.5      0.2010E-05
   105.6      0.1406E-05
   105.7      0.1970E-05
   105.8      0.3635E-05
   105.9      0.6195E-05
   106.0      0.9337E-05
   106.1      0.1268E-04
   106.2      0.1580E-04
   106.3      0.1833E-04
   106.4      0.1995E-04
   106.5      0.2047E-04
   106.6      0.1981E-04
   106.7      0.1807E-04
   106.8      0.1545E-04
   106.9      0.1227E-04
   107.0      0.8926E-05
   107.1      0.5813E-05
   107.2      0.3313E-05
   107.3      0.1727E-05
   107.4      0.1243E-05
   107.5      0.1913E-05
   107.6      0.3650E-05
   107.7      0.6233E-05
   107.8      0.9341E-05
   107.9      0.1259E-04
   108.0      0.1557E-04
   108.1      0.1792E-04
   108.2      0.1935E-04
   108.3      0.1968E-04
   108.4      0.1888E-04
   108.5      0.1704E-04
   108.6      0.1439E-04
   108.7      0.1126E-04
   108.8      0.8042E-05
   108.9      0.5124E-05
   109.0      0.2868E-05
   109.1      0.1554E-05
   109.2      0.1341E-05
   109.3      0.2258E-05
   109.4      0.4189E-05
   109.5      0.6899E-05
   109.6      0.1005E-04
   109.7      0.1326E-04
   109.8      0.1613E-04
   109.9      0.1832E-04
   110.0      0.1954E-04
   110.1      0.1965E-04
   110.2      0.1864E-04
   110.3      0.1663E-04
   110.4      0.1386E-04
   110.5      0.1069E-04
   110.6      0.7483E-05
   110.7      0.4646E-05
   110.8      0.2520E-05
   110.9      0.1366E-05
   111.0      0.1321E-05
   111.1      0.2389E-05
   111.2      0.4435E-05
   111.3      0.7205E-05
   111.4      0.1036E-04
   111.5      0.1350E-04
   111.6      0.1626E-04
   111.7      0.1828E-04
   111.8      0.1932E-04
   111.9      0.1925E-04
   112.0      0.1808E-04
   112.1      0.1596E-04
   112.2      0.1315E-04
   112.3      0.9988E-05
   112.4      0.6871E-05
   112.5      0.4180E-05
   112.6      0.2246E-05
   112.7      0.1305E-05
   112.8      0.1473E-05
   112.9      0.2728E-05
   113.0      0.4916E-05
   113.1      0.7766E-05
   113.2      0.1093E-04
   113.3      0.1402E-04
   113.4      0.1665E-04
   113.5      0.1850E-04
   113.6      0.1934E-04
   113.7      0.1908E-04
   113.8      0.1773E-04
   113.9      0.1548E-04
   114.0      0.1259E-04
   114.1      0.9413E-05
   114.2      0.6348E-05
   114.3      0.3765E-05
   114.4      0.1981E-05
   114.5      0.1212E-05
   114.6      0.1550E-05
   114.7      0.2953E-05
   114.8      0.5245E-05
   114.9      0.8142E-05
   115.0      0.1129E-04
   115.1      0.1430E-04
   115.2      0.1679E-04
   115.3      0.1847E-04
   115.4      0.1913E-04
   115.5      0.1869E-04
   115.6      0.1720E-04
   115.7      0.1484E-04
   115.8      0.1192E-04
   115.9      0.8781E-05
   116.0      0.5820E-05
   116.1      0.3400E-05
   116.2      0.1821E-05
   116.3      0.1276E-05
   116.4      0.1835E-05
   116.5      0.3430E-05
   116.6      0.5865E-05
   116.7      0.8843E-05
   116.8      0.1200E-04
   116.9      0.1494E-04
   117.0      0.1732E-04
   117.1      0.1883E-04
   117.2      0.1929E-04
   117.3      0.1865E-04
   117.4      0.1698E-04
   117.5      0.1448E-04
   117.6      0.1148E-04
   117.7      0.8319E-05
   117.8      0.5399E-05
   117.9      0.3074E-05
   118.0      0.1627E-05
   118.1      0.1233E-05
   118.2      0.1939E-05
   118.3      0.3656E-05
   118.4      0.6171E-05
   118.5      0.9173E-05
   118.6      0.1229E-04
   118.7      0.1514E-04
   118.8      0.1737E-04
   118.9      0.1871E-04
   119.0      0.1899E-04
   119.1      0.1818E-04
   119.2      0.1638E-04
   119.3      0.1380E-04
   119.4      0.1078E-04
   119.5      0.7673E-05
   119.6      0.4872E-05
   119.7      0.2720E-05
   119.8      0.1484E-05
   119.9      0.1317E-05
   120.0      0.2240E-05
   120.1      0.4143E-05
   120.2      0.6791E-05
   120.3      0.9862E-05
   120.4      0.1298E-04
   120.5      0.1576E-04
   120.6      0.1786E-04
   120.7      0.1902E-04
   120.8      0.1911E-04
   120.9      0.1810E-04
   121.0      0.1613E-04
   121.1      0.1343E-04
   121.2      0.1034E-04
   121.3      0.7226E-05
   121.4      0.4479E-05
   121.5      0.2432E-05
   121.6      0.1335E-05
   121.7      0.1321E-05
   121.8      0.2390E-05
   121.9      0.4410E-05
   122.0      0.7131E-05
   122.1      0.1022E-04
   122.2      0.1329E-04
   122.3      0.1597E-04
   122.4      0.1792E-04
   122.5      0.1891E-04
   122.6      0.1881E-04
   122.7      0.1764E-04
   122.8      0.1554E-04
   122.9      0.1277E-04
   123.0      0.9673E-05
   123.1      0.6626E-05
   123.2      0.4008E-05
   123.3      0.2144E-05
   123.4      0.1265E-05
   123.5      0.1482E-05
   123.6      0.2769E-05
   123.7      0.4973E-05
   123.8      0.7823E-05
   123.9      0.1097E-04
   124.0      0.1404E-04
   124.1      0.1664E-04
   124.2      0.1846E-04
   124.3      0.1928E-04
   124.4      0.1899E-04
   124.5      0.1764E-04
   124.6      0.1538E-04
   124.7      0.1249E-04
   124.8      0.9338E-05
   124.9      0.6297E-05
   125.0      0.3742E-05
   125.1      0.1989E-05
   125.2      0.1251E-05
   125.3      0.1618E-05
   125.4      0.3045E-05
   125.5      0.5355E-05
   125.6      0.8264E-05
   125.7      0.1141E-04
   125.8      0.1441E-04
   125.9      0.1690E-04
   126.0      0.1856E-04
   126.1      0.1919E-04
   126.2      0.1871E-04
   126.3      0.1719E-04
   126.4      0.1480E-04
   126.5      0.1185E-04
   126.6      0.8693E-05
   126.7      0.5722E-05
   126.8      0.3302E-05
   126.9      0.1736E-05
   127.0      0.1216E-05
   127.1      0.1811E-05
   127.2      0.3450E-05
   127.3      0.5933E-05
   127.4      0.8959E-05
   127.5      0.1216E-04
   127.6      0.1514E-04
   127.7      0.1753E-04
   127.8      0.1905E-04
   127.9      0.1950E-04
   128.0      0.1883E-04
   128.1      0.1712E-04
   128.2      0.1458E-04
   128.3      0.1153E-04
   128.4      0.8328E-05
   128.5      0.5380E-05
   128.6      0.3044E-05
   128.7      0.1607E-05
   128.8      0.1249E-05
   128.9      0.2012E-05
   129.0      0.3804E-05
   129.1      0.6405E-05
   129.2      0.9497E-05
   129.3      0.1270E-04
   129.4      0.1562E-04
   129.5      0.1790E-04
   129.6      0.1925E-04
   129.7      0.1952E-04
   129.8      0.1866E-04
   129.9      0.1679E-04
   130.0      0.1413E-04
   130.1      0.1101E-04
   130.2      0.7817E-05
   130.3      0.4946E-05
   130.4      0.2752E-05
   130.5      0.1507E-05
   130.6      0.1369E-05
   130.7      0.2358E-05
   130.8      0.4356E-05
   130.9      0.7121E-05
   131.0      0.1032E-04
   131.1      0.1355E-04
   131.2      0.1643E-04
   131.3      0.1859E-04
   131.4      0.1978E-04
   131.5      0.1985E-04
   131.6      0.1878E-04
   131.7      0.1671E-04
   131.8      0.1389E-04
   131.9      0.1066E-04
   132.0      0.7425E-05
   132.1      0.4578E-05
   132.2      0.2469E-05
   132.3      0.1360E-05
   132.4      0.1387E-05
   132.5      0.2548E-05
   132.6      0.4703E-05
   132.7      0.7589E-05
   132.8      0.1085E-04
   132.9      0.1409E-04
   133.0      0.1691E-04
   133.1      0.1896E-04
   133.2      0.1999E-04
   133.3      0.1987E-04
   133.4      0.1862E-04
   133.5      0.1639E-04
   133.6      0.1345E-04
   133.7      0.1018E-04
   133.8      0.6959E-05
   133.9      0.4203E-05
   134.0      0.2250E-05
   134.1      0.1344E-05
   134.2      0.1601E-05
   134.3      0.2995E-05
   134.4      0.5359E-05
   134.5      0.8407E-05
   134.6      0.1177E-04
   134.7      0.1503E-04
   134.8      0.1780E-04
   134.9      0.1973E-04
   135.0      0.2059E-04
   135.1      0.2026E-04
   135.2      0.1880E-04
   135.3      0.1637E-04
   135.4      0.1328E-04
   135.5      0.9895E-05
   135.6      0.6643E-05
   135.7      0.3921E-05
   135.8      0.2064E-05
   135.9      0.1303E-05
   136.0      0.1733E-05
   136.1      0.3304E-05
   136.2      0.5826E-05
   136.3      0.8991E-05
   136.4      0.1241E-04
   136.5      0.1567E-04
   136.6      0.1836E-04
   136.7      0.2016E-04
   136.8      0.2084E-04
   136.9      0.2032E-04
   137.0      0.1867E-04
   137.1      0.1607E-04
   137.2      0.1286E-04
   137.3      0.9431E-05
   137.4      0.6202E-05
   137.5      0.3576E-05
   137.6      0.1881E-05
   137.7      0.1328E-05
   137.8      0.1991E-05
   137.9      0.3795E-05
   138.0      0.6523E-05
   138.1      0.9844E-05
   138.2      0.1335E-04
   138.3      0.1662E-04
   138.4      0.1925E-04
   138.5      0.2091E-04
   138.6      0.2141E-04
   138.7      0.2067E-04
   138.8      0.1880E-04
   138.9      0.1601E-04
   139.0      0.1265E-04
   139.1      0.9134E-05
   139.2      0.5895E-05
   139.3      0.3333E-05
   139.4      0.1768E-05
   139.5      0.1395E-05
   139.6      0.2265E-05
   139.7      0.4277E-05
   139.8      0.7188E-05
   139.9      0.1064E-04
   140.0      0.1422E-04
   140.1      0.1749E-04
   140.2      0.2004E-04
   140.3      0.2156E-04
   140.4      0.2187E-04
   140.5      0.2093E-04
   140.6      0.1884E-04
   140.7      0.1587E-04
   140.8      0.1239E-04
   140.9      0.8811E-05
   141.0      0.5592E-05
   141.1      0.3127E-05
   141.2      0.1725E-05
   141.3      0.1563E-05
   141.4      0.2669E-05
   141.5      0.4913E-05
   141.6      0.8024E-05
   141.7      0.1163E-04
   141.8      0.1528E-04
   141.9      0.1853E-04
   142.0      0.2099E-04
   142.1      0.2236E-04
   142.2      0.2245E-04
   142.3      0.2126E-04
   142.4      0.1894E-04
   142.5      0.1576E-04
   142.6      0.1212E-04
   142.7      0.8467E-05
   142.8      0.5248E-05
   142.9      0.2866E-05
   143.0      0.1619E-05
   143.1      0.1665E-05
   143.2      0.3005E-05
   143.3      0.5482E-05
   143.4      0.8796E-05
   143.5      0.1255E-04
   143.6      0.1627E-04
   143.7      0.1952E-04
   143.8      0.2189E-04
   143.9      0.2309E-04
   144.0      0.2297E-04
   144.1      0.2155E-04
   144.2      0.1899E-04
   144.3      0.1561E-04
   144.4      0.1182E-04
   144.5      0.8104E-05
   144.6      0.4906E-05
   144.7      0.2632E-05
   144.8      0.1566E-05
   144.9      0.1850E-05
   145.0      0.3455E-05
   145.1      0.6194E-05
   145.2      0.9739E-05
   145.3      0.1366E-04
   145.4      0.1748E-04
   145.5      0.2073E-04
   145.6      0.2302E-04
   145.7      0.2406E-04
   145.8      0.2372E-04
   145.9      0.2204E-04
   146.0      0.1924E-04
   146.1      0.1564E-04
   146.2      0.1170E-04
   146.3      0.7900E-05
   146.4      0.4710E-05
   146.5      0.2530E-05
   146.6      0.1635E-05
   146.7      0.2144E-05
   146.8      0.4002E-05
   146.9      0.6990E-05
   147.0      0.1075E-04
   147.1      0.1482E-04
   147.2      0.1871E-04
   147.3      0.2194E-04
   147.4      0.2411E-04
   147.5      0.2496E-04
   147.6      0.2438E-04
   147.7      0.2243E-04
   147.8      0.1936E-04
   147.9      0.1553E-04
   148.0      0.1143E-04
   148.1      0.7549E-05
   148.2      0.4377E-05
   148.3      0.2309E-05
   148.4      0.1609E-05
   148.5      0.2372E-05
   148.6      0.4514E-05
   148.7      0.7783E-05
   148.8      0.1179E-04
   148.9      0.1604E-04
   149.0      0.2002E-04
   149.1      0.2325E-04
   149.2      0.2532E-04
   149.3      0.2599E-04
   149.4      0.2517E-04
   149.5      0.2295E-04
   149.6      0.1961E-04
   149.7      0.1556E-04
   149.8      0.1130E-04
   149.9      0.7354E-05
   150.0      0.4218E-05
   150.1      0.2285E-05
   150.2      0.1804E-05
   150.3      0.2846E-05
   150.4      0.5297E-05
   150.5      0.8866E-05
   150.6      0.1312E-04
   150.7      0.1756E-04
   150.8      0.2162E-04
   150.9      0.2483E-04
   151.0      0.2677E-04
   151.1      0.2722E-04
   151.2      0.2611E-04
   151.3      0.2357E-04
   151.4      0.1991E-04
   151.5      0.1559E-04
   151.6      0.1113E-04
   151.7      0.7083E-05
   151.8      0.3957E-05
   151.9      0.2145E-05
   152.0      0.1882E-05
   152.1      0.3212E-05
   152.2      0.5988E-05
   152.3      0.9879E-05
   152.4      0.1442E-04
   152.5      0.1906E-04
   152.6      0.2324E-04
   152.7      0.2644E-04
   152.8      0.2827E-04
   152.9      0.2851E-04
   153.0      0.2712E-04
   153.1      0.2427E-04
   153.2      0.2030E-04
   153.3      0.1572E-04
   153.4      0.1107E-04
   153.5      0.6950E-05
   153.6      0.3863E-05
   153.7      0.2207E-05
   153.8      0.2199E-05
   153.9      0.3858E-05
   154.0      0.6996E-05
   154.1      0.1124E-04
   154.2      0.1609E-04
   154.3      0.2095E-04
   154.4      0.2524E-04
   154.5      0.2842E-04
   154.6      0.3011E-04
   154.7      0.3009E-04
   154.8      0.2836E-04
   154.9      0.2514E-04
   155.0      0.2080E-04
   155.1      0.1589E-04
   155.2      0.1100E-04
   155.3      0.6750E-05
   155.4      0.3666E-05
   155.5      0.2143E-05
   155.6      0.2383E-05
   155.7      0.4375E-05
   155.8      0.7893E-05
   155.9      0.1252E-04
   156.0      0.1770E-04
   156.1      0.2281E-04
   156.2      0.2723E-04
   156.3      0.3042E-04
   156.4      0.3198E-04
   156.5      0.3172E-04
   156.6      0.2967E-04
   156.7      0.2607E-04
   156.8      0.2137E-04
   156.9      0.1615E-04
   157.0      0.1105E-04
   157.1      0.6712E-05
   157.2      0.3682E-05
   157.3      0.2354E-05
   157.4      0.2913E-05
   157.5      0.5313E-05
   157.6      0.9282E-05
   157.7      0.1435E-04
   157.8      0.1992E-04
   157.9      0.2532E-04
   158.0      0.2988E-04
   158.1      0.3306E-04
   158.2      0.3445E-04
   158.3      0.3388E-04
   158.4      0.3142E-04
   158.5      0.2736E-04
   158.6      0.2219E-04
   158.7      0.1656E-04
   158.8      0.1114E-04
   158.9      0.6631E-05
   159.0      0.3590E-05
   159.1      0.2414E-05
   159.2      0.3272E-05
   159.3      0.6083E-05
   159.4      0.1053E-04
   159.5      0.1608E-04
   159.6      0.2208E-04
   159.7      0.2781E-04
   159.8      0.3256E-04
   159.9      0.3576E-04
   160.0      0.3701E-04
   160.1      0.3615E-04
   160.2      0.3328E-04
   160.3      0.2876E-04
   160.4      0.2312E-04
   160.5      0.1707E-04
   160.6      0.1136E-04
   160.7      0.6702E-05
   160.8      0.3697E-05
   160.9      0.2739E-05
   161.0      0.3978E-05
   161.1      0.7294E-05
   161.2      0.1231E-04
   161.3      0.1845E-04
   161.4      0.2496E-04
   161.5      0.3108E-04
   161.6      0.3606E-04
   161.7      0.3929E-04
   161.8      0.4037E-04
   161.9      0.3916E-04
   162.0      0.3580E-04
   162.1      0.3070E-04
   162.2      0.2447E-04
   162.3      0.1788E-04
   162.4      0.1176E-04
   162.5      0.6865E-05
   162.6      0.3829E-05
   162.7      0.3054E-05
   162.8      0.4672E-05
   162.9      0.8523E-05
   163.0      0.1417E-04
   163.1      0.2095E-04
   163.2      0.2807E-04
   163.3      0.3466E-04
   163.4      0.3993E-04
   163.5      0.4324E-04
   163.6      0.4417E-04
   163.7      0.4260E-04
   163.8      0.3871E-04
   163.9      0.3298E-04
   164.0      0.2611E-04
   164.1      0.1894E-04
   164.2      0.1238E-04
   164.3      0.7239E-05
   164.4      0.4199E-05
   164.5      0.3673E-05
   164.6      0.5773E-05
   164.7      0.1029E-04
   164.8      0.1673E-04
   164.9      0.2433E-04
   165.0      0.3220E-04
   165.1      0.3940E-04
   165.2      0.4507E-04
   165.3      0.4850E-04
   165.4      0.4927E-04
   165.5      0.4729E-04
   165.6      0.4277E-04
   165.7      0.3626E-04
   165.8      0.2855E-04
   165.9      0.2060E-04
   166.0      0.1339E-04
   166.1      0.7840E-05
   166.2      0.4667E-05
   166.3      0.4311E-05
   166.4      0.6874E-05
   166.5      0.1210E-04
   166.6      0.1941E-04
   166.7      0.2796E-04
   166.8      0.3674E-04
   166.9      0.4472E-04
   167.0      0.5092E-04
   167.1      0.5459E-04
   167.2      0.5528E-04
   167.3      0.5290E-04
   167.4      0.4771E-04
   167.5      0.4036E-04
   167.6      0.3173E-04
   167.7      0.2290E-04
   167.8      0.1496E-04
   167.9      0.8951E-05
   168.0      0.5649E-05
   168.1      0.5535E-05
   168.2      0.8703E-05
   168.3      0.1485E-04
   168.4      0.2330E-04
   168.5      0.3310E-04
   168.6      0.4310E-04
   168.7      0.5213E-04
   168.8      0.5911E-04
   168.9      0.6319E-04
   169.0      0.6387E-04
   169.1      0.6105E-04
   169.2      0.5506E-04
   169.3      0.4662E-04
   169.4      0.3675E-04
   169.5      0.2667E-04
   169.6      0.1765E-04
   169.7      0.1083E-04
   169.8      0.7122E-05
   169.9      0.7068E-05
   170.0      0.1078E-04
   170.1      0.1790E-04
   170.2      0.2768E-04
   170.3      0.3901E-04
   170.4      0.5060E-04
   170.5      0.6109E-04
   170.6      0.6925E-04
   170.7      0.7410E-04
   170.8      0.7505E-04
   170.9      0.7197E-04
   171.0      0.6523E-04
   171.1      0.5564E-04
   171.2      0.4435E-04
   171.3      0.3278E-04
   171.4      0.2237E-04
   171.5      0.1447E-04
   171.6      0.1013E-04
   171.7      0.1002E-04
   171.8      0.1428E-04
   171.9      0.2256E-04
   172.0      0.3400E-04
   172.1      0.4736E-04
   172.2      0.6115E-04
   172.3      0.7378E-04
   172.4      0.8382E-04
   172.5      0.9009E-04
   172.6      0.9184E-04
   172.7      0.8889E-04
   172.8      0.8157E-04
   172.9      0.7078E-04
   173.0      0.5783E-04
   173.1      0.4432E-04
   173.2      0.3194E-04
   173.3      0.2230E-04
   173.4      0.1668E-04
   173.5      0.1594E-04
   173.6      0.2035E-04
   173.7      0.2960E-04
   173.8      0.4280E-04
   173.9      0.5857E-04
   174.0      0.7524E-04
   174.1      0.9098E-04
   174.2      0.1041E-03
   174.3      0.1131E-03
   174.4      0.1170E-03
   174.5      0.1155E-03
   174.6      0.1089E-03
   174.7      0.9789E-04
   174.8      0.8403E-04
   174.9      0.6903E-04
   175.0      0.5482E-04
   175.1      0.4324E-04
   175.2      0.3587E-04
   175.3      0.3380E-04
   175.4      0.3753E-04
   175.5      0.4688E-04
   175.6      0.6103E-04
   175.7      0.7861E-04
   175.8      0.9786E-04
   175.9      0.1168E-03
   176.0      0.1337E-03
   176.1      0.1468E-03
   176.2      0.1551E-03
   176.3      0.1582E-03
   176.4      0.1562E-03
   176.5      0.1501E-03
   176.6      0.1414E-03
   176.7      0.1320E-03
   176.8      0.1238E-03
   176.9      0.1189E-03
   177.0      0.1188E-03
   177.1      0.1246E-03
   177.2      0.1364E-03
   177.3      0.1538E-03
   177.4      0.1755E-03
   177.5      0.1995E-03
   177.6      0.2235E-03
   177.7      0.2449E-03
   177.8      0.2612E-03
   177.9      0.2707E-03
   178.0      0.2719E-03
   178.1      0.2646E-03
   178.2      0.2495E-03
   178.3      0.2284E-03
   178.4      0.2039E-03
   178.5      0.1793E-03
   178.6      0.1582E-03
   178.7      0.1442E-03
   178.8      0.1405E-03
   178.9      0.1496E-03
   179.0      0.1726E-03
   179.1      0.2097E-03
   179.2      0.2594E-03
   179.3      0.3192E-03
   179.4      0.3851E-03
   179.5      0.4528E-03
   179.6      0.5173E-03
   179.7      0.5735E-03
   179.8      0.6173E-03
   179.9      0.6450E-03
   180.0      0.6545E-03