#  Theta       sigma       iT11        T20         T21         T22         Kyy for projectile
   0.000       0.000    
  0.1000       0.000    
  0.2000       0.000    
  0.3000       0.000    
  0.4000       0.000    
  0.5000       0.000    
  0.6000       0.000    
  0.7000       0.000    
  0.8000       0.000    
  0.9000       0.000    
   1.000       0.000    
   1.100       0.000    
   1.200       0.000    
   1.300       0.000    
   1.400       0.000    
   1.500       0.000    
   1.600       0.000    
   1.700       0.000    
   1.800       0.000    
   1.900       0.000    
   2.000       0.000    
   2.100       0.000    
   2.200       0.000    
   2.300       0.000    
   2.400       0.000    
   2.500       0.000    
   2.600       0.000    
   2.700       0.000    
   2.800       0.000    
   2.900       0.000    
   3.000       0.000    
   3.100       0.000    
   3.200       0.000    
   3.300       0.000    
   3.400       0.000    
   3.500       0.000    
   3.600       0.000    
   3.700       0.000    
   3.800       0.000    
   3.900       0.000    
   4.000       0.000    
   4.100       0.000    
   4.200       0.000    
   4.300       0.000    
   4.400       0.000    
   4.500       0.000    
   4.600       0.000    
   4.700       0.000    
   4.800       0.000    
   4.900       0.000    
   5.000       0.000    
   5.100       0.000    
   5.200       0.000    
   5.300       0.000    
   5.400       0.000    
   5.500       0.000    
   5.600       0.000    
   5.700       0.000    
   5.800       0.000    
   5.900       0.000    
   6.000       0.000    
   6.100       0.000    
   6.200       0.000    
   6.300       0.000    
   6.400       0.000    
   6.500       0.000    
   6.600       0.000    
   6.700       0.000    
   6.800       0.000    
   6.900       0.000    
   7.000       0.000    
   7.100       0.000    
   7.200       0.000    
   7.300       0.000    
   7.400       0.000    
   7.500       0.000    
   7.600       0.000    
   7.700       0.000    
   7.800       0.000    
   7.900       0.000    
   8.000       0.000    
   8.100       0.000    
   8.200       0.000    
   8.300       0.000    
   8.400       0.000    
   8.500       0.000    
   8.600       0.000    
   8.700       0.000    
   8.800       0.000    
   8.900       0.000    
   9.000       0.000    
   9.100       0.000    
   9.200       0.000    
   9.300       0.000    
   9.400       0.000    
   9.500       0.000    
   9.600       0.000    
   9.700       0.000    
   9.800       0.000    
   9.900       0.000    
   10.00       0.000    
   10.10       0.000    
   10.20       0.000    
   10.30       0.000    
   10.40       0.000    
   10.50       0.000    
   10.60       0.000    
   10.70       0.000    
   10.80       0.000    
   10.90       0.000    
   11.00       0.000    
   11.10       0.000    
   11.20       0.000    
   11.30       0.000    
   11.40       0.000    
   11.50       0.000    
   11.60       0.000    
   11.70       0.000    
   11.80       0.000    
   11.90       0.000    
   12.00       0.000    
   12.10       0.000    
   12.20       0.000    
   12.30       0.000    
   12.40       0.000    
   12.50       0.000    
   12.60       0.000    
   12.70       0.000    
   12.80       0.000    
   12.90       0.000    
   13.00       0.000    
   13.10       0.000    
   13.20       0.000    
   13.30       0.000    
   13.40       0.000    
   13.50       0.000    
   13.60       0.000    
   13.70       0.000    
   13.80       0.000    
   13.90       0.000    
   14.00       0.000    
   14.10       0.000    
   14.20       0.000    
   14.30       0.000    
   14.40       0.000    
   14.50       0.000    
   14.60       0.000    
   14.70       0.000    
   14.80       0.000    
   14.90       0.000    
   15.00       0.000    
   15.10       0.000    
   15.20       0.000    
   15.30       0.000    
   15.40       0.000    
   15.50       0.000    
   15.60       0.000    
   15.70       0.000    
   15.80       0.000    
   15.90       0.000    
   16.00       0.000    
   16.10       0.000    
   16.20       0.000    
   16.30       0.000    
   16.40       0.000    
   16.50       0.000    
   16.60       0.000    
   16.70       0.000    
   16.80       0.000    
   16.90       0.000    
   17.00       0.000    
   17.10       0.000    
   17.20       0.000    
   17.30       0.000    
   17.40       0.000    
   17.50       0.000    
   17.60       0.000    
   17.70       0.000    
   17.80       0.000    
   17.90       0.000    
   18.00       0.000    
   18.10       0.000    
   18.20       0.000    
   18.30       0.000    
   18.40       0.000    
   18.50       0.000    
   18.60       0.000    
   18.70       0.000    
   18.80       0.000    
   18.90       0.000    
   19.00       0.000    
   19.10       0.000    
   19.20       0.000    
   19.30       0.000    
   19.40       0.000    
   19.50       0.000    
   19.60       0.000    
   19.70       0.000    
   19.80       0.000    
   19.90       0.000    
   20.00       0.000    
   20.10       0.000    
   20.20       0.000    
   20.30       0.000    
   20.40       0.000    
   20.50       0.000    
   20.60       0.000    
   20.70       0.000    
   20.80       0.000    
   20.90       0.000    
   21.00       0.000    
   21.10       0.000    
   21.20       0.000    
   21.30       0.000    
   21.40       0.000    
   21.50       0.000    
   21.60       0.000    
   21.70       0.000    
   21.80       0.000    
   21.90       0.000    
   22.00       0.000    
   22.10       0.000    
   22.20       0.000    
   22.30       0.000    
   22.40       0.000    
   22.50       0.000    
   22.60       0.000    
   22.70       0.000    
   22.80       0.000    
   22.90       0.000    
   23.00       0.000    
   23.10       0.000    
   23.20       0.000    
   23.30       0.000    
   23.40       0.000    
   23.50       0.000    
   23.60       0.000    
   23.70       0.000    
   23.80       0.000    
   23.90       0.000    
   24.00       0.000    
   24.10       0.000    
   24.20       0.000    
   24.30       0.000    
   24.40       0.000    
   24.50       0.000    
   24.60       0.000    
   24.70       0.000    
   24.80       0.000    
   24.90       0.000    
   25.00       0.000    
   25.10       0.000    
   25.20       0.000    
   25.30       0.000    
   25.40       0.000    
   25.50       0.000    
   25.60       0.000    
   25.70       0.000    
   25.80       0.000    
   25.90       0.000    
   26.00       0.000    
   26.10       0.000    
   26.20       0.000    
   26.30       0.000    
   26.40       0.000    
   26.50       0.000    
   26.60       0.000    
   26.70       0.000    
   26.80       0.000    
   26.90       0.000    
   27.00       0.000    
   27.10       0.000    
   27.20       0.000    
   27.30       0.000    
   27.40       0.000    
   27.50       0.000    
   27.60       0.000    
   27.70       0.000    
   27.80       0.000    
   27.90       0.000    
   28.00       0.000    
   28.10       0.000    
   28.20       0.000    
   28.30       0.000    
   28.40       0.000    
   28.50       0.000    
   28.60       0.000    
   28.70       0.000    
   28.80       0.000    
   28.90       0.000    
   29.00       0.000    
   29.10       0.000    
   29.20       0.000    
   29.30       0.000    
   29.40       0.000    
   29.50       0.000    
   29.60       0.000    
   29.70       0.000    
   29.80       0.000    
   29.90       0.000    
   30.00       0.000    
   30.10       0.000    
   30.20       0.000    
   30.30       0.000    
   30.40       0.000    
   30.50       0.000    
   30.60       0.000    
   30.70       0.000    
   30.80       0.000    
   30.90       0.000    
   31.00       0.000    
   31.10       0.000    
   31.20       0.000    
   31.30       0.000    
   31.40       0.000    
   31.50       0.000    
   31.60       0.000    
   31.70       0.000    
   31.80       0.000    
   31.90       0.000    
   32.00       0.000    
   32.10       0.000    
   32.20       0.000    
   32.30       0.000    
   32.40       0.000    
   32.50       0.000    
   32.60       0.000    
   32.70       0.000    
   32.80       0.000    
   32.90       0.000    
   33.00       0.000    
   33.10       0.000    
   33.20       0.000    
   33.30       0.000    
   33.40       0.000    
   33.50       0.000    
   33.60       0.000    
   33.70       0.000    
   33.80       0.000    
   33.90       0.000    
   34.00       0.000    
   34.10       0.000    
   34.20       0.000    
   34.30       0.000    
   34.40       0.000    
   34.50       0.000    
   34.60       0.000    
   34.70       0.000    
   34.80       0.000    
   34.90       0.000    
   35.00       0.000    
   35.10       0.000    
   35.20       0.000    
   35.30       0.000    
   35.40       0.000    
   35.50       0.000    
   35.60       0.000    
   35.70       0.000    
   35.80       0.000    
   35.90       0.000    
   36.00       0.000    
   36.10       0.000    
   36.20       0.000    
   36.30       0.000    
   36.40       0.000    
   36.50       0.000    
   36.60       0.000    
   36.70       0.000    
   36.80       0.000    
   36.90       0.000    
   37.00       0.000    
   37.10       0.000    
   37.20       0.000    
   37.30       0.000    
   37.40       0.000    
   37.50       0.000    
   37.60       0.000    
   37.70       0.000    
   37.80       0.000    
   37.90       0.000    
   38.00       0.000    
   38.10       0.000    
   38.20       0.000    
   38.30       0.000    
   38.40       0.000    
   38.50       0.000    
   38.60       0.000    
   38.70       0.000    
   38.80       0.000    
   38.90       0.000    
   39.00       0.000    
   39.10       0.000    
   39.20       0.000    
   39.30       0.000    
   39.40       0.000    
   39.50       0.000    
   39.60       0.000    
   39.70       0.000    
   39.80       0.000    
   39.90       0.000    
   40.00       0.000    
   40.10       0.000    
   40.20       0.000    
   40.30       0.000    
   40.40       0.000    
   40.50       0.000    
   40.60       0.000    
   40.70       0.000    
   40.80       0.000    
   40.90       0.000    
   41.00       0.000    
   41.10       0.000    
   41.20       0.000    
   41.30       0.000    
   41.40       0.000    
   41.50       0.000    
   41.60       0.000    
   41.70       0.000    
   41.80       0.000    
   41.90       0.000    
   42.00       0.000    
   42.10       0.000    
   42.20       0.000    
   42.30       0.000    
   42.40       0.000    
   42.50       0.000    
   42.60       0.000    
   42.70       0.000    
   42.80       0.000    
   42.90       0.000    
   43.00       0.000    
   43.10       0.000    
   43.20       0.000    
   43.30       0.000    
   43.40       0.000    
   43.50       0.000    
   43.60       0.000    
   43.70       0.000    
   43.80       0.000    
   43.90       0.000    
   44.00       0.000    
   44.10       0.000    
   44.20       0.000    
   44.30       0.000    
   44.40       0.000    
   44.50       0.000    
   44.60       0.000    
   44.70       0.000    
   44.80       0.000    
   44.90       0.000    
   45.00       0.000    
   45.10       0.000    
   45.20       0.000    
   45.30       0.000    
   45.40       0.000    
   45.50       0.000    
   45.60       0.000    
   45.70       0.000    
   45.80       0.000    
   45.90       0.000    
   46.00       0.000    
   46.10       0.000    
   46.20       0.000    
   46.30       0.000    
   46.40       0.000    
   46.50       0.000    
   46.60       0.000    
   46.70       0.000    
   46.80       0.000    
   46.90       0.000    
   47.00       0.000    
   47.10       0.000    
   47.20       0.000    
   47.30       0.000    
   47.40       0.000    
   47.50       0.000    
   47.60       0.000    
   47.70       0.000    
   47.80       0.000    
   47.90       0.000    
   48.00       0.000    
   48.10       0.000    
   48.20       0.000    
   48.30       0.000    
   48.40       0.000    
   48.50       0.000    
   48.60       0.000    
   48.70       0.000    
   48.80       0.000    
   48.90       0.000    
   49.00       0.000    
   49.10       0.000    
   49.20       0.000    
   49.30       0.000    
   49.40       0.000    
   49.50       0.000    
   49.60       0.000    
   49.70       0.000    
   49.80       0.000    
   49.90       0.000    
   50.00       0.000    
   50.10       0.000    
   50.20       0.000    
   50.30       0.000    
   50.40       0.000    
   50.50       0.000    
   50.60       0.000    
   50.70       0.000    
   50.80       0.000    
   50.90       0.000    
   51.00       0.000    
   51.10       0.000    
   51.20       0.000    
   51.30       0.000    
   51.40       0.000    
   51.50       0.000    
   51.60       0.000    
   51.70       0.000    
   51.80       0.000    
   51.90       0.000    
   52.00       0.000    
   52.10       0.000    
   52.20       0.000    
   52.30       0.000    
   52.40       0.000    
   52.50       0.000    
   52.60       0.000    
   52.70       0.000    
   52.80       0.000    
   52.90       0.000    
   53.00       0.000    
   53.10       0.000    
   53.20       0.000    
   53.30       0.000    
   53.40       0.000    
   53.50       0.000    
   53.60       0.000    
   53.70       0.000    
   53.80       0.000    
   53.90       0.000    
   54.00       0.000    
   54.10       0.000    
   54.20       0.000    
   54.30       0.000    
   54.40       0.000    
   54.50       0.000    
   54.60       0.000    
   54.70       0.000    
   54.80       0.000    
   54.90       0.000    
   55.00       0.000    
   55.10       0.000    
   55.20       0.000    
   55.30       0.000    
   55.40       0.000    
   55.50       0.000    
   55.60       0.000    
   55.70       0.000    
   55.80       0.000    
   55.90       0.000    
   56.00       0.000    
   56.10       0.000    
   56.20       0.000    
   56.30       0.000    
   56.40       0.000    
   56.50       0.000    
   56.60       0.000    
   56.70       0.000    
   56.80       0.000    
   56.90       0.000    
   57.00       0.000    
   57.10       0.000    
   57.20       0.000    
   57.30       0.000    
   57.40       0.000    
   57.50       0.000    
   57.60       0.000    
   57.70       0.000    
   57.80       0.000    
   57.90       0.000    
   58.00       0.000    
   58.10       0.000    
   58.20       0.000    
   58.30       0.000    
   58.40       0.000    
   58.50       0.000    
   58.60       0.000    
   58.70       0.000    
   58.80       0.000    
   58.90       0.000    
   59.00       0.000    
   59.10       0.000    
   59.20       0.000    
   59.30       0.000    
   59.40       0.000    
   59.50       0.000    
   59.60       0.000    
   59.70       0.000    
   59.80       0.000    
   59.90       0.000    
   60.00       0.000    
   60.10       0.000    
   60.20       0.000    
   60.30       0.000    
   60.40       0.000    
   60.50       0.000    
   60.60       0.000    
   60.70       0.000    
   60.80       0.000    
   60.90       0.000    
   61.00       0.000    
   61.10       0.000    
   61.20       0.000    
   61.30       0.000    
   61.40       0.000    
   61.50       0.000    
   61.60       0.000    
   61.70       0.000    
   61.80       0.000    
   61.90       0.000    
   62.00       0.000    
   62.10       0.000    
   62.20       0.000    
   62.30       0.000    
   62.40       0.000    
   62.50       0.000    
   62.60       0.000    
   62.70       0.000    
   62.80       0.000    
   62.90       0.000    
   63.00       0.000    
   63.10       0.000    
   63.20       0.000    
   63.30       0.000    
   63.40       0.000    
   63.50       0.000    
   63.60       0.000    
   63.70       0.000    
   63.80       0.000    
   63.90       0.000    
   64.00       0.000    
   64.10       0.000    
   64.20       0.000    
   64.30       0.000    
   64.40       0.000    
   64.50       0.000    
   64.60       0.000    
   64.70       0.000    
   64.80       0.000    
   64.90       0.000    
   65.00       0.000    
   65.10       0.000    
   65.20       0.000    
   65.30       0.000    
   65.40       0.000    
   65.50       0.000    
   65.60       0.000    
   65.70       0.000    
   65.80       0.000    
   65.90       0.000    
   66.00       0.000    
   66.10       0.000    
   66.20       0.000    
   66.30       0.000    
   66.40       0.000    
   66.50       0.000    
   66.60       0.000    
   66.70       0.000    
   66.80       0.000    
   66.90       0.000    
   67.00       0.000    
   67.10       0.000    
   67.20       0.000    
   67.30       0.000    
   67.40       0.000    
   67.50       0.000    
   67.60       0.000    
   67.70       0.000    
   67.80       0.000    
   67.90       0.000    
   68.00       0.000    
   68.10       0.000    
   68.20       0.000    
   68.30       0.000    
   68.40       0.000    
   68.50       0.000    
   68.60       0.000    
   68.70       0.000    
   68.80       0.000    
   68.90       0.000    
   69.00       0.000    
   69.10       0.000    
   69.20       0.000    
   69.30       0.000    
   69.40       0.000    
   69.50       0.000    
   69.60       0.000    
   69.70       0.000    
   69.80       0.000    
   69.90       0.000    
   70.00       0.000    
   70.10       0.000    
   70.20       0.000    
   70.30       0.000    
   70.40       0.000    
   70.50       0.000    
   70.60       0.000    
   70.70       0.000    
   70.80       0.000    
   70.90       0.000    
   71.00       0.000    
   71.10       0.000    
   71.20       0.000    
   71.30       0.000    
   71.40       0.000    
   71.50       0.000    
   71.60       0.000    
   71.70       0.000    
   71.80       0.000    
   71.90       0.000    
   72.00       0.000    
   72.10       0.000    
   72.20       0.000    
   72.30       0.000    
   72.40       0.000    
   72.50       0.000    
   72.60       0.000    
   72.70       0.000    
   72.80       0.000    
   72.90       0.000    
   73.00       0.000    
   73.10       0.000    
   73.20       0.000    
   73.30       0.000    
   73.40       0.000    
   73.50       0.000    
   73.60       0.000    
   73.70       0.000    
   73.80       0.000    
   73.90       0.000    
   74.00       0.000    
   74.10       0.000    
   74.20       0.000    
   74.30       0.000    
   74.40       0.000    
   74.50       0.000    
   74.60       0.000    
   74.70       0.000    
   74.80       0.000    
   74.90       0.000    
   75.00       0.000    
   75.10       0.000    
   75.20       0.000    
   75.30       0.000    
   75.40       0.000    
   75.50       0.000    
   75.60       0.000    
   75.70       0.000    
   75.80       0.000    
   75.90       0.000    
   76.00       0.000    
   76.10       0.000    
   76.20       0.000    
   76.30       0.000    
   76.40       0.000    
   76.50       0.000    
   76.60       0.000    
   76.70       0.000    
   76.80       0.000    
   76.90       0.000    
   77.00       0.000    
   77.10       0.000    
   77.20       0.000    
   77.30       0.000    
   77.40       0.000    
   77.50       0.000    
   77.60       0.000    
   77.70       0.000    
   77.80       0.000    
   77.90       0.000    
   78.00       0.000    
   78.10       0.000    
   78.20       0.000    
   78.30       0.000    
   78.40       0.000    
   78.50       0.000    
   78.60       0.000    
   78.70       0.000    
   78.80       0.000    
   78.90       0.000    
   79.00       0.000    
   79.10       0.000    
   79.20       0.000    
   79.30       0.000    
   79.40       0.000    
   79.50       0.000    
   79.60       0.000    
   79.70       0.000    
   79.80       0.000    
   79.90       0.000    
   80.00       0.000    
   80.10       0.000    
   80.20       0.000    
   80.30       0.000    
   80.40       0.000    
   80.50       0.000    
   80.60       0.000    
   80.70       0.000    
   80.80       0.000    
   80.90       0.000    
   81.00       0.000    
   81.10       0.000    
   81.20       0.000    
   81.30       0.000    
   81.40       0.000    
   81.50       0.000    
   81.60       0.000    
   81.70       0.000    
   81.80       0.000    
   81.90       0.000    
   82.00       0.000    
   82.10       0.000    
   82.20       0.000    
   82.30       0.000    
   82.40       0.000    
   82.50       0.000    
   82.60       0.000    
   82.70       0.000    
   82.80       0.000    
   82.90       0.000    
   83.00       0.000    
   83.10       0.000    
   83.20       0.000    
   83.30       0.000    
   83.40       0.000    
   83.50       0.000    
   83.60       0.000    
   83.70       0.000    
   83.80       0.000    
   83.90       0.000    
   84.00       0.000    
   84.10       0.000    
   84.20       0.000    
   84.30       0.000    
   84.40       0.000    
   84.50       0.000    
   84.60       0.000    
   84.70       0.000    
   84.80       0.000    
   84.90       0.000    
   85.00       0.000    
   85.10       0.000    
   85.20       0.000    
   85.30       0.000    
   85.40       0.000    
   85.50       0.000    
   85.60       0.000    
   85.70       0.000    
   85.80       0.000    
   85.90       0.000    
   86.00       0.000    
   86.10       0.000    
   86.20       0.000    
   86.30       0.000    
   86.40       0.000    
   86.50       0.000    
   86.60       0.000    
   86.70       0.000    
   86.80       0.000    
   86.90       0.000    
   87.00       0.000    
   87.10       0.000    
   87.20       0.000    
   87.30       0.000    
   87.40       0.000    
   87.50       0.000    
   87.60       0.000    
   87.70       0.000    
   87.80       0.000    
   87.90       0.000    
   88.00       0.000    
   88.10       0.000    
   88.20       0.000    
   88.30       0.000    
   88.40       0.000    
   88.50       0.000    
   88.60       0.000    
   88.70       0.000    
   88.80       0.000    
   88.90       0.000    
   89.00       0.000    
   89.10       0.000    
   89.20       0.000    
   89.30       0.000    
   89.40       0.000    
   89.50       0.000    
   89.60       0.000    
   89.70       0.000    
   89.80       0.000    
   89.90       0.000    
   90.00       0.000    
   90.10       0.000    
   90.20       0.000    
   90.30       0.000    
   90.40       0.000    
   90.50       0.000    
   90.60       0.000    
   90.70       0.000    
   90.80       0.000    
   90.90       0.000    
   91.00       0.000    
   91.10       0.000    
   91.20       0.000    
   91.30       0.000    
   91.40       0.000    
   91.50       0.000    
   91.60       0.000    
   91.70       0.000    
   91.80       0.000    
   91.90       0.000    
   92.00       0.000    
   92.10       0.000    
   92.20       0.000    
   92.30       0.000    
   92.40       0.000    
   92.50       0.000    
   92.60       0.000    
   92.70       0.000    
   92.80       0.000    
   92.90       0.000    
   93.00       0.000    
   93.10       0.000    
   93.20       0.000    
   93.30       0.000    
   93.40       0.000    
   93.50       0.000    
   93.60       0.000    
   93.70       0.000    
   93.80       0.000    
   93.90       0.000    
   94.00       0.000    
   94.10       0.000    
   94.20       0.000    
   94.30       0.000    
   94.40       0.000    
   94.50       0.000    
   94.60       0.000    
   94.70       0.000    
   94.80       0.000    
   94.90       0.000    
   95.00       0.000    
   95.10       0.000    
   95.20       0.000    
   95.30       0.000    
   95.40       0.000    
   95.50       0.000    
   95.60       0.000    
   95.70       0.000    
   95.80       0.000    
   95.90       0.000    
   96.00       0.000    
   96.10       0.000    
   96.20       0.000    
   96.30       0.000    
   96.40       0.000    
   96.50       0.000    
   96.60       0.000    
   96.70       0.000    
   96.80       0.000    
   96.90       0.000    
   97.00       0.000    
   97.10       0.000    
   97.20       0.000    
   97.30       0.000    
   97.40       0.000    
   97.50       0.000    
   97.60       0.000    
   97.70       0.000    
   97.80       0.000    
   97.90       0.000    
   98.00       0.000    
   98.10       0.000    
   98.20       0.000    
   98.30       0.000    
   98.40       0.000    
   98.50       0.000    
   98.60       0.000    
   98.70       0.000    
   98.80       0.000    
   98.90       0.000    
   99.00       0.000    
   99.10       0.000    
   99.20       0.000    
   99.30       0.000    
   99.40       0.000    
   99.50       0.000    
   99.60       0.000    
   99.70       0.000    
   99.80       0.000    
   99.90       0.000    
   100.0       0.000    
   100.1       0.000    
   100.2       0.000    
   100.3       0.000    
   100.4       0.000    
   100.5       0.000    
   100.6       0.000    
   100.7       0.000    
   100.8       0.000    
   100.9       0.000    
   101.0       0.000    
   101.1       0.000    
   101.2       0.000    
   101.3       0.000    
   101.4       0.000    
   101.5       0.000    
   101.6       0.000    
   101.7       0.000    
   101.8       0.000    
   101.9       0.000    
   102.0       0.000    
   102.1       0.000    
   102.2       0.000    
   102.3       0.000    
   102.4       0.000    
   102.5       0.000    
   102.6       0.000    
   102.7       0.000    
   102.8       0.000    
   102.9       0.000    
   103.0       0.000    
   103.1       0.000    
   103.2       0.000    
   103.3       0.000    
   103.4       0.000    
   103.5       0.000    
   103.6       0.000    
   103.7       0.000    
   103.8       0.000    
   103.9       0.000    
   104.0       0.000    
   104.1       0.000    
   104.2       0.000    
   104.3       0.000    
   104.4       0.000    
   104.5       0.000    
   104.6       0.000    
   104.7       0.000    
   104.8       0.000    
   104.9       0.000    
   105.0       0.000    
   105.1       0.000    
   105.2       0.000    
   105.3       0.000    
   105.4       0.000    
   105.5       0.000    
   105.6       0.000    
   105.7       0.000    
   105.8       0.000    
   105.9       0.000    
   106.0       0.000    
   106.1       0.000    
   106.2       0.000    
   106.3       0.000    
   106.4       0.000    
   106.5       0.000    
   106.6       0.000    
   106.7       0.000    
   106.8       0.000    
   106.9       0.000    
   107.0       0.000    
   107.1       0.000    
   107.2       0.000    
   107.3       0.000    
   107.4       0.000    
   107.5       0.000    
   107.6       0.000    
   107.7       0.000    
   107.8       0.000    
   107.9       0.000    
   108.0       0.000    
   108.1       0.000    
   108.2       0.000    
   108.3       0.000    
   108.4       0.000    
   108.5       0.000    
   108.6       0.000    
   108.7       0.000    
   108.8       0.000    
   108.9       0.000    
   109.0       0.000    
   109.1       0.000    
   109.2       0.000    
   109.3       0.000    
   109.4       0.000    
   109.5       0.000    
   109.6       0.000    
   109.7       0.000    
   109.8       0.000    
   109.9       0.000    
   110.0       0.000    
   110.1       0.000    
   110.2       0.000    
   110.3       0.000    
   110.4       0.000    
   110.5       0.000    
   110.6       0.000    
   110.7       0.000    
   110.8       0.000    
   110.9       0.000    
   111.0       0.000    
   111.1       0.000    
   111.2       0.000    
   111.3       0.000    
   111.4       0.000    
   111.5       0.000    
   111.6       0.000    
   111.7       0.000    
   111.8       0.000    
   111.9       0.000    
   112.0       0.000    
   112.1       0.000    
   112.2       0.000    
   112.3       0.000    
   112.4       0.000    
   112.5       0.000    
   112.6       0.000    
   112.7       0.000    
   112.8       0.000    
   112.9       0.000    
   113.0       0.000    
   113.1       0.000    
   113.2       0.000    
   113.3       0.000    
   113.4       0.000    
   113.5       0.000    
   113.6       0.000    
   113.7       0.000    
   113.8       0.000    
   113.9       0.000    
   114.0       0.000    
   114.1       0.000    
   114.2       0.000    
   114.3       0.000    
   114.4       0.000    
   114.5       0.000    
   114.6       0.000    
   114.7       0.000    
   114.8       0.000    
   114.9       0.000    
   115.0       0.000    
   115.1       0.000    
   115.2       0.000    
   115.3       0.000    
   115.4       0.000    
   115.5       0.000    
   115.6       0.000    
   115.7       0.000    
   115.8       0.000    
   115.9       0.000    
   116.0       0.000    
   116.1       0.000    
   116.2       0.000    
   116.3       0.000    
   116.4       0.000    
   116.5       0.000    
   116.6       0.000    
   116.7       0.000    
   116.8       0.000    
   116.9       0.000    
   117.0       0.000    
   117.1       0.000    
   117.2       0.000    
   117.3       0.000    
   117.4       0.000    
   117.5       0.000    
   117.6       0.000    
   117.7       0.000    
   117.8       0.000    
   117.9       0.000    
   118.0       0.000    
   118.1       0.000    
   118.2       0.000    
   118.3       0.000    
   118.4       0.000    
   118.5       0.000    
   118.6       0.000    
   118.7       0.000    
   118.8       0.000    
   118.9       0.000    
   119.0       0.000    
   119.1       0.000    
   119.2       0.000    
   119.3       0.000    
   119.4       0.000    
   119.5       0.000    
   119.6       0.000    
   119.7       0.000    
   119.8       0.000    
   119.9       0.000    
   120.0       0.000    
   120.1       0.000    
   120.2       0.000    
   120.3       0.000    
   120.4       0.000    
   120.5       0.000    
   120.6       0.000    
   120.7       0.000    
   120.8       0.000    
   120.9       0.000    
   121.0       0.000    
   121.1       0.000    
   121.2       0.000    
   121.3       0.000    
   121.4       0.000    
   121.5       0.000    
   121.6       0.000    
   121.7       0.000    
   121.8       0.000    
   121.9       0.000    
   122.0       0.000    
   122.1       0.000    
   122.2       0.000    
   122.3       0.000    
   122.4       0.000    
   122.5       0.000    
   122.6       0.000    
   122.7       0.000    
   122.8       0.000    
   122.9       0.000    
   123.0       0.000    
   123.1       0.000    
   123.2       0.000    
   123.3       0.000    
   123.4       0.000    
   123.5       0.000    
   123.6       0.000    
   123.7       0.000    
   123.8       0.000    
   123.9       0.000    
   124.0       0.000    
   124.1       0.000    
   124.2       0.000    
   124.3       0.000    
   124.4       0.000    
   124.5       0.000    
   124.6       0.000    
   124.7       0.000    
   124.8       0.000    
   124.9       0.000    
   125.0       0.000    
   125.1       0.000    
   125.2       0.000    
   125.3       0.000    
   125.4       0.000    
   125.5       0.000    
   125.6       0.000    
   125.7       0.000    
   125.8       0.000    
   125.9       0.000    
   126.0       0.000    
   126.1       0.000    
   126.2       0.000    
   126.3       0.000    
   126.4       0.000    
   126.5       0.000    
   126.6       0.000    
   126.7       0.000    
   126.8       0.000    
   126.9       0.000    
   127.0       0.000    
   127.1       0.000    
   127.2       0.000    
   127.3       0.000    
   127.4       0.000    
   127.5       0.000    
   127.6       0.000    
   127.7       0.000    
   127.8       0.000    
   127.9       0.000    
   128.0       0.000    
   128.1       0.000    
   128.2       0.000    
   128.3       0.000    
   128.4       0.000    
   128.5       0.000    
   128.6       0.000    
   128.7       0.000    
   128.8       0.000    
   128.9       0.000    
   129.0       0.000    
   129.1       0.000    
   129.2       0.000    
   129.3       0.000    
   129.4       0.000    
   129.5       0.000    
   129.6       0.000    
   129.7       0.000    
   129.8       0.000    
   129.9       0.000    
   130.0       0.000    
   130.1       0.000    
   130.2       0.000    
   130.3       0.000    
   130.4       0.000    
   130.5       0.000    
   130.6       0.000    
   130.7       0.000    
   130.8       0.000    
   130.9       0.000    
   131.0       0.000    
   131.1       0.000    
   131.2       0.000    
   131.3       0.000    
   131.4       0.000    
   131.5       0.000    
   131.6       0.000    
   131.7       0.000    
   131.8       0.000    
   131.9       0.000    
   132.0       0.000    
   132.1       0.000    
   132.2       0.000    
   132.3       0.000    
   132.4       0.000    
   132.5       0.000    
   132.6       0.000    
   132.7       0.000    
   132.8       0.000    
   132.9       0.000    
   133.0       0.000    
   133.1       0.000    
   133.2       0.000    
   133.3       0.000    
   133.4       0.000    
   133.5       0.000    
   133.6       0.000    
   133.7       0.000    
   133.8       0.000    
   133.9       0.000    
   134.0       0.000    
   134.1       0.000    
   134.2       0.000    
   134.3       0.000    
   134.4       0.000    
   134.5       0.000    
   134.6       0.000    
   134.7       0.000    
   134.8       0.000    
   134.9       0.000    
   135.0       0.000    
   135.1       0.000    
   135.2       0.000    
   135.3       0.000    
   135.4       0.000    
   135.5       0.000    
   135.6       0.000    
   135.7       0.000    
   135.8       0.000    
   135.9       0.000    
   136.0       0.000    
   136.1       0.000    
   136.2       0.000    
   136.3       0.000    
   136.4       0.000    
   136.5       0.000    
   136.6       0.000    
   136.7       0.000    
   136.8       0.000    
   136.9       0.000    
   137.0       0.000    
   137.1       0.000    
   137.2       0.000    
   137.3       0.000    
   137.4       0.000    
   137.5       0.000    
   137.6       0.000    
   137.7       0.000    
   137.8       0.000    
   137.9       0.000    
   138.0       0.000    
   138.1       0.000    
   138.2       0.000    
   138.3       0.000    
   138.4       0.000    
   138.5       0.000    
   138.6       0.000    
   138.7       0.000    
   138.8       0.000    
   138.9       0.000    
   139.0       0.000    
   139.1       0.000    
   139.2       0.000    
   139.3       0.000    
   139.4       0.000    
   139.5       0.000    
   139.6       0.000    
   139.7       0.000    
   139.8       0.000    
   139.9       0.000    
   140.0       0.000    
   140.1       0.000    
   140.2       0.000    
   140.3       0.000    
   140.4       0.000    
   140.5       0.000    
   140.6       0.000    
   140.7       0.000    
   140.8       0.000    
   140.9       0.000    
   141.0       0.000    
   141.1       0.000    
   141.2       0.000    
   141.3       0.000    
   141.4       0.000    
   141.5       0.000    
   141.6       0.000    
   141.7       0.000    
   141.8       0.000    
   141.9       0.000    
   142.0       0.000    
   142.1       0.000    
   142.2       0.000    
   142.3       0.000    
   142.4       0.000    
   142.5       0.000    
   142.6       0.000    
   142.7       0.000    
   142.8       0.000    
   142.9       0.000    
   143.0       0.000    
   143.1       0.000    
   143.2       0.000    
   143.3       0.000    
   143.4       0.000    
   143.5       0.000    
   143.6       0.000    
   143.7       0.000    
   143.8       0.000    
   143.9       0.000    
   144.0       0.000    
   144.1       0.000    
   144.2       0.000    
   144.3       0.000    
   144.4       0.000    
   144.5       0.000    
   144.6       0.000    
   144.7       0.000    
   144.8       0.000    
   144.9       0.000    
   145.0       0.000    
   145.1       0.000    
   145.2       0.000    
   145.3       0.000    
   145.4       0.000    
   145.5       0.000    
   145.6       0.000    
   145.7       0.000    
   145.8       0.000    
   145.9       0.000    
   146.0       0.000    
   146.1       0.000    
   146.2       0.000    
   146.3       0.000    
   146.4       0.000    
   146.5       0.000    
   146.6       0.000    
   146.7       0.000    
   146.8       0.000    
   146.9       0.000    
   147.0       0.000    
   147.1       0.000    
   147.2       0.000    
   147.3       0.000    
   147.4       0.000    
   147.5       0.000    
   147.6       0.000    
   147.7       0.000    
   147.8       0.000    
   147.9       0.000    
   148.0       0.000    
   148.1       0.000    
   148.2       0.000    
   148.3       0.000    
   148.4       0.000    
   148.5       0.000    
   148.6       0.000    
   148.7       0.000    
   148.8       0.000    
   148.9       0.000    
   149.0       0.000    
   149.1       0.000    
   149.2       0.000    
   149.3       0.000    
   149.4       0.000    
   149.5       0.000    
   149.6       0.000    
   149.7       0.000    
   149.8       0.000    
   149.9       0.000    
   150.0       0.000    
   150.1       0.000    
   150.2       0.000    
   150.3       0.000    
   150.4       0.000    
   150.5       0.000    
   150.6       0.000    
   150.7       0.000    
   150.8       0.000    
   150.9       0.000    
   151.0       0.000    
   151.1       0.000    
   151.2       0.000    
   151.3       0.000    
   151.4       0.000    
   151.5       0.000    
   151.6       0.000    
   151.7       0.000    
   151.8       0.000    
   151.9       0.000    
   152.0       0.000    
   152.1       0.000    
   152.2       0.000    
   152.3       0.000    
   152.4       0.000    
   152.5       0.000    
   152.6       0.000    
   152.7       0.000    
   152.8       0.000    
   152.9       0.000    
   153.0       0.000    
   153.1       0.000    
   153.2       0.000    
   153.3       0.000    
   153.4       0.000    
   153.5       0.000    
   153.6       0.000    
   153.7       0.000    
   153.8       0.000    
   153.9       0.000    
   154.0       0.000    
   154.1       0.000    
   154.2       0.000    
   154.3       0.000    
   154.4       0.000    
   154.5       0.000    
   154.6       0.000    
   154.7       0.000    
   154.8       0.000    
   154.9       0.000    
   155.0       0.000    
   155.1       0.000    
   155.2       0.000    
   155.3       0.000    
   155.4       0.000    
   155.5       0.000    
   155.6       0.000    
   155.7       0.000    
   155.8       0.000    
   155.9       0.000    
   156.0       0.000    
   156.1       0.000    
   156.2       0.000    
   156.3       0.000    
   156.4       0.000    
   156.5       0.000    
   156.6       0.000    
   156.7       0.000    
   156.8       0.000    
   156.9       0.000    
   157.0       0.000    
   157.1       0.000    
   157.2       0.000    
   157.3       0.000    
   157.4       0.000    
   157.5       0.000    
   157.6       0.000    
   157.7       0.000    
   157.8       0.000    
   157.9       0.000    
   158.0       0.000    
   158.1       0.000    
   158.2       0.000    
   158.3       0.000    
   158.4       0.000    
   158.5       0.000    
   158.6       0.000    
   158.7       0.000    
   158.8       0.000    
   158.9       0.000    
   159.0       0.000    
   159.1       0.000    
   159.2       0.000    
   159.3       0.000    
   159.4       0.000    
   159.5       0.000    
   159.6       0.000    
   159.7       0.000    
   159.8       0.000    
   159.9       0.000    
   160.0       0.000    
   160.1       0.000    
   160.2       0.000    
   160.3       0.000    
   160.4       0.000    
   160.5       0.000    
   160.6       0.000    
   160.7       0.000    
   160.8       0.000    
   160.9       0.000    
   161.0       0.000    
   161.1       0.000    
   161.2       0.000    
   161.3       0.000    
   161.4       0.000    
   161.5       0.000    
   161.6       0.000    
   161.7       0.000    
   161.8       0.000    
   161.9       0.000    
   162.0       0.000    
   162.1       0.000    
   162.2       0.000    
   162.3       0.000    
   162.4       0.000    
   162.5       0.000    
   162.6       0.000    
   162.7       0.000    
   162.8       0.000    
   162.9       0.000    
   163.0       0.000    
   163.1       0.000    
   163.2       0.000    
   163.3       0.000    
   163.4       0.000    
   163.5       0.000    
   163.6       0.000    
   163.7       0.000    
   163.8       0.000    
   163.9       0.000    
   164.0       0.000    
   164.1       0.000    
   164.2       0.000    
   164.3       0.000    
   164.4       0.000    
   164.5       0.000    
   164.6       0.000    
   164.7       0.000    
   164.8       0.000    
   164.9       0.000    
   165.0       0.000    
   165.1       0.000    
   165.2       0.000    
   165.3       0.000    
   165.4       0.000    
   165.5       0.000    
   165.6       0.000    
   165.7       0.000    
   165.8       0.000    
   165.9       0.000    
   166.0       0.000    
   166.1       0.000    
   166.2       0.000    
   166.3       0.000    
   166.4       0.000    
   166.5       0.000    
   166.6       0.000    
   166.7       0.000    
   166.8       0.000    
   166.9       0.000    
   167.0       0.000    
   167.1       0.000    
   167.2       0.000    
   167.3       0.000    
   167.4       0.000    
   167.5       0.000    
   167.6       0.000    
   167.7       0.000    
   167.8       0.000    
   167.9       0.000    
   168.0       0.000    
   168.1       0.000    
   168.2       0.000    
   168.3       0.000    
   168.4       0.000    
   168.5       0.000    
   168.6       0.000    
   168.7       0.000    
   168.8       0.000    
   168.9       0.000    
   169.0       0.000    
   169.1       0.000    
   169.2       0.000    
   169.3       0.000    
   169.4       0.000    
   169.5       0.000    
   169.6       0.000    
   169.7       0.000    
   169.8       0.000    
   169.9       0.000    
   170.0       0.000    
   170.1       0.000    
   170.2       0.000    
   170.3       0.000    
   170.4       0.000    
   170.5       0.000    
   170.6       0.000    
   170.7       0.000    
   170.8       0.000    
   170.9       0.000    
   171.0       0.000    
   171.1       0.000    
   171.2       0.000    
   171.3       0.000    
   171.4       0.000    
   171.5       0.000    
   171.6       0.000    
   171.7       0.000    
   171.8       0.000    
   171.9       0.000    
   172.0       0.000    
   172.1       0.000    
   172.2       0.000    
   172.3       0.000    
   172.4       0.000    
   172.5       0.000    
   172.6       0.000    
   172.7       0.000    
   172.8       0.000    
   172.9       0.000    
   173.0       0.000    
   173.1       0.000    
   173.2       0.000    
   173.3       0.000    
   173.4       0.000    
   173.5       0.000    
   173.6       0.000    
   173.7       0.000    
   173.8       0.000    
   173.9       0.000    
   174.0       0.000    
   174.1       0.000    
   174.2       0.000    
   174.3       0.000    
   174.4       0.000    
   174.5       0.000    
   174.6       0.000    
   174.7       0.000    
   174.8       0.000    
   174.9       0.000    
   175.0       0.000    
   175.1       0.000    
   175.2       0.000    
   175.3       0.000    
   175.4       0.000    
   175.5       0.000    
   175.6       0.000    
   175.7       0.000    
   175.8       0.000    
   175.9       0.000    
   176.0       0.000    
   176.1       0.000    
   176.2       0.000    
   176.3       0.000    
   176.4       0.000    
   176.5       0.000    
   176.6       0.000    
   176.7       0.000    
   176.8       0.000    
   176.9       0.000    
   177.0       0.000    
   177.1       0.000    
   177.2       0.000    
   177.3       0.000    
   177.4       0.000    
   177.5       0.000    
   177.6       0.000    
   177.7       0.000    
   177.8       0.000    
   177.9       0.000    
   178.0       0.000    
   178.1       0.000    
   178.2       0.000    
   178.3       0.000    
   178.4       0.000    
   178.5       0.000    
   178.6       0.000    
   178.7       0.000    
   178.8       0.000    
   178.9       0.000    
   179.0       0.000    
   179.1       0.000    
   179.2       0.000    
   179.3       0.000    
   179.4       0.000    
   179.5       0.000    
   179.6       0.000    
   179.7       0.000    
   179.8       0.000    
   179.9       0.000    
   180.0       0.000    