#  Theta       sigma       iT11        T20         T21         T22         Kyy for projectile
   0.000       32.43    
  0.1000       32.37    
  0.2000       32.16    
  0.3000       31.82    
  0.4000       31.35    
  0.5000       30.76    
  0.6000       30.07    
  0.7000       29.28    
  0.8000       28.40    
  0.9000       27.47    
   1.000       26.48    
   1.100       25.46    
   1.200       24.44    
   1.300       23.42    
   1.400       22.43    
   1.500       21.49    
   1.600       20.62    
   1.700       19.84    
   1.800       19.17    
   1.900       18.61    
   2.000       18.20    
   2.100       17.93    
   2.200       17.82    
   2.300       17.88    
   2.400       18.11    
   2.500       18.51    
   2.600       19.09    
   2.700       19.84    
   2.800       20.75    
   2.900       21.82    
   3.000       23.04    
   3.100       24.39    
   3.200       25.84    
   3.300       27.40    
   3.400       29.03    
   3.500       30.71    
   3.600       32.41    
   3.700       34.13    
   3.800       35.83    
   3.900       37.48    
   4.000       39.06    
   4.100       40.56    
   4.200       41.94    
   4.300       43.19    
   4.400       44.29    
   4.500       45.22    
   4.600       45.97    
   4.700       46.53    
   4.800       46.88    
   4.900       47.02    
   5.000       46.95    
   5.100       46.67    
   5.200       46.18    
   5.300       45.48    
   5.400       44.58    
   5.500       43.50    
   5.600       42.24    
   5.700       40.82    
   5.800       39.25    
   5.900       37.56    
   6.000       35.77    
   6.100       33.88    
   6.200       31.93    
   6.300       29.93    
   6.400       27.91    
   6.500       25.88    
   6.600       23.87    
   6.700       21.90    
   6.800       19.99    
   6.900       18.14    
   7.000       16.39    
   7.100       14.74    
   7.200       13.21    
   7.300       11.80    
   7.400       10.53    
   7.500       9.405    
   7.600       8.427    
   7.700       7.602    
   7.800       6.929    
   7.900       6.407    
   8.000       6.036    
   8.100       5.808    
   8.200       5.719    
   8.300       5.761    
   8.400       5.924    
   8.500       6.198    
   8.600       6.572    
   8.700       7.034    
   8.800       7.570    
   8.900       8.166    
   9.000       8.810    
   9.100       9.488    
   9.200       10.19    
   9.300       10.89    
   9.400       11.59    
   9.500       12.26    
   9.600       12.91    
   9.700       13.52    
   9.800       14.08    
   9.900       14.57    
   10.00       15.01    
   10.10       15.37    
   10.20       15.65    
   10.30       15.86    
   10.40       15.99    
   10.50       16.03    
   10.60       15.99    
   10.70       15.88    
   10.80       15.69    
   10.90       15.42    
   11.00       15.10    
   11.10       14.71    
   11.20       14.26    
   11.30       13.77    
   11.40       13.24    
   11.50       12.68    
   11.60       12.10    
   11.70       11.50    
   11.80       10.89    
   11.90       10.28    
   12.00       9.683    
   12.10       9.098    
   12.20       8.533    
   12.30       7.996    
   12.40       7.492    
   12.50       7.024    
   12.60       6.598    
   12.70       6.216    
   12.80       5.881    
   12.90       5.595    
   13.00       5.359    
   13.10       5.172    
   13.20       5.035    
   13.30       4.946    
   13.40       4.904    
   13.50       4.907    
   13.60       4.951    
   13.70       5.034    
   13.80       5.151    
   13.90       5.299    
   14.00       5.473    
   14.10       5.669    
   14.20       5.882    
   14.30       6.108    
   14.40       6.343    
   14.50       6.581    
   14.60       6.817    
   14.70       7.049    
   14.80       7.272    
   14.90       7.481    
   15.00       7.675    
   15.10       7.849    
   15.20       8.001    
   15.30       8.129    
   15.40       8.231    
   15.50       8.306    
   15.60       8.352    
   15.70       8.370    
   15.80       8.360    
   15.90       8.321    
   16.00       8.254    
   16.10       8.161    
   16.20       8.043    
   16.30       7.902    
   16.40       7.740    
   16.50       7.558    
   16.60       7.361    
   16.70       7.149    
   16.80       6.926    
   16.90       6.694    
   17.00       6.457    
   17.10       6.216    
   17.20       5.975    
   17.30       5.735    
   17.40       5.500    
   17.50       5.271    
   17.60       5.050    
   17.70       4.840    
   17.80       4.642    
   17.90       4.456    
   18.00       4.285    
   18.10       4.130    
   18.20       3.990    
   18.30       3.867    
   18.40       3.760    
   18.50       3.669    
   18.60       3.595    
   18.70       3.536    
   18.80       3.493    
   18.90       3.464    
   19.00       3.448    
   19.10       3.444    
   19.20       3.452    
   19.30       3.469    
   19.40       3.495    
   19.50       3.527    
   19.60       3.566    
   19.70       3.608    
   19.80       3.654    
   19.90       3.700    
   20.00       3.747    
   20.10       3.793    
   20.20       3.836    
   20.30       3.875    
   20.40       3.910    
   20.50       3.939    
   20.60       3.962    
   20.70       3.978    
   20.80       3.987    
   20.90       3.987    
   21.00       3.979    
   21.10       3.963    
   21.20       3.939    
   21.30       3.906    
   21.40       3.865    
   21.50       3.816    
   21.60       3.760    
   21.70       3.697    
   21.80       3.627    
   21.90       3.552    
   22.00       3.472    
   22.10       3.388    
   22.20       3.300    
   22.30       3.210    
   22.40       3.118    
   22.50       3.024    
   22.60       2.931    
   22.70       2.837    
   22.80       2.745    
   22.90       2.655    
   23.00       2.567    
   23.10       2.482    
   23.20       2.400    
   23.30       2.323    
   23.40       2.249    
   23.50       2.180    
   23.60       2.116    
   23.70       2.056    
   23.80       2.002    
   23.90       1.953    
   24.00       1.908    
   24.10       1.869    
   24.20       1.834    
   24.30       1.804    
   24.40       1.778    
   24.50       1.757    
   24.60       1.739    
   24.70       1.724    
   24.80       1.713    
   24.90       1.704    
   25.00       1.698    
   25.10       1.693    
   25.20       1.690    
   25.30       1.689    
   25.40       1.688    
   25.50       1.687    
   25.60       1.687    
   25.70       1.686    
   25.80       1.684    
   25.90       1.682    
   26.00       1.679    
   26.10       1.674    
   26.20       1.667    
   26.30       1.659    
   26.40       1.649    
   26.50       1.637    
   26.60       1.623    
   26.70       1.606    
   26.80       1.588    
   26.90       1.568    
   27.00       1.546    
   27.10       1.521    
   27.20       1.496    
   27.30       1.468    
   27.40       1.439    
   27.50       1.409    
   27.60       1.378    
   27.70       1.346    
   27.80       1.314    
   27.90       1.281    
   28.00       1.247    
   28.10       1.214    
   28.20       1.180    
   28.30       1.147    
   28.40       1.115    
   28.50       1.083    
   28.60       1.052    
   28.70       1.022    
   28.80      0.9931    
   28.90      0.9652    
   29.00      0.9386    
   29.10      0.9133    
   29.20      0.8893    
   29.30      0.8667    
   29.40      0.8456    
   29.50      0.8258    
   29.60      0.8075    
   29.70      0.7905    
   29.80      0.7749    
   29.90      0.7605    
   30.00      0.7475    
   30.10      0.7355    
   30.20      0.7247    
   30.30      0.7149    
   30.40      0.7060    
   30.50      0.6980    
   30.60      0.6906    
   30.70      0.6840    
   30.80      0.6778    
   30.90      0.6721    
   31.00      0.6667    
   31.10      0.6616    
   31.20      0.6566    
   31.30      0.6517    
   31.40      0.6468    
   31.50      0.6418    
   31.60      0.6365    
   31.70      0.6311    
   31.80      0.6254    
   31.90      0.6193    
   32.00      0.6129    
   32.10      0.6060    
   32.20      0.5988    
   32.30      0.5911    
   32.40      0.5830    
   32.50      0.5744    
   32.60      0.5654    
   32.70      0.5561    
   32.80      0.5464    
   32.90      0.5363    
   33.00      0.5260    
   33.10      0.5154    
   33.20      0.5046    
   33.30      0.4936    
   33.40      0.4825    
   33.50      0.4713    
   33.60      0.4601    
   33.70      0.4489    
   33.80      0.4378    
   33.90      0.4267    
   34.00      0.4159    
   34.10      0.4052    
   34.20      0.3947    
   34.30      0.3845    
   34.40      0.3746    
   34.50      0.3649    
   34.60      0.3556    
   34.70      0.3466    
   34.80      0.3380    
   34.90      0.3298    
   35.00      0.3219    
   35.10      0.3144    
   35.20      0.3073    
   35.30      0.3006    
   35.40      0.2942    
   35.50      0.2882    
   35.60      0.2826    
   35.70      0.2773    
   35.80      0.2723    
   35.90      0.2676    
   36.00      0.2632    
   36.10      0.2591    
   36.20      0.2553    
   36.30      0.2516    
   36.40      0.2482    
   36.50      0.2449    
   36.60      0.2418    
   36.70      0.2388    
   36.80      0.2359    
   36.90      0.2331    
   37.00      0.2303    
   37.10      0.2276    
   37.20      0.2249    
   37.30      0.2222    
   37.40      0.2194    
   37.50      0.2167    
   37.60      0.2138    
   37.70      0.2110    
   37.80      0.2080    
   37.90      0.2050    
   38.00      0.2019    
   38.10      0.1988    
   38.20      0.1956    
   38.30      0.1923    
   38.40      0.1889    
   38.50      0.1855    
   38.60      0.1820    
   38.70      0.1785    
   38.80      0.1750    
   38.90      0.1714    
   39.00      0.1678    
   39.10      0.1642    
   39.20      0.1606    
   39.30      0.1570    
   39.40      0.1535    
   39.50      0.1499    
   39.60      0.1464    
   39.70      0.1430    
   39.80      0.1395    
   39.90      0.1362    
   40.00      0.1329    
   40.10      0.1297    
   40.20      0.1266    
   40.30      0.1235    
   40.40      0.1205    
   40.50      0.1177    
   40.60      0.1149    
   40.70      0.1122    
   40.80      0.1096    
   40.90      0.1071    
   41.00      0.1048    
   41.10      0.1025    
   41.20      0.1003    
   41.30      0.9822E-01
   41.40      0.9624E-01
   41.50      0.9435E-01
   41.60      0.9255E-01
   41.70      0.9083E-01
   41.80      0.8920E-01
   41.90      0.8764E-01
   42.00      0.8616E-01
   42.10      0.8473E-01
   42.20      0.8337E-01
   42.30      0.8206E-01
   42.40      0.8079E-01
   42.50      0.7957E-01
   42.60      0.7838E-01
   42.70      0.7721E-01
   42.80      0.7607E-01
   42.90      0.7495E-01
   43.00      0.7384E-01
   43.10      0.7275E-01
   43.20      0.7165E-01
   43.30      0.7056E-01
   43.40      0.6947E-01
   43.50      0.6838E-01
   43.60      0.6728E-01
   43.70      0.6619E-01
   43.80      0.6508E-01
   43.90      0.6398E-01
   44.00      0.6286E-01
   44.10      0.6175E-01
   44.20      0.6062E-01
   44.30      0.5950E-01
   44.40      0.5838E-01
   44.50      0.5725E-01
   44.60      0.5612E-01
   44.70      0.5500E-01
   44.80      0.5388E-01
   44.90      0.5276E-01
   45.00      0.5165E-01
   45.10      0.5054E-01
   45.20      0.4944E-01
   45.30      0.4836E-01
   45.40      0.4728E-01
   45.50      0.4621E-01
   45.60      0.4516E-01
   45.70      0.4413E-01
   45.80      0.4311E-01
   45.90      0.4211E-01
   46.00      0.4113E-01
   46.10      0.4018E-01
   46.20      0.3924E-01
   46.30      0.3833E-01
   46.40      0.3745E-01
   46.50      0.3659E-01
   46.60      0.3575E-01
   46.70      0.3495E-01
   46.80      0.3417E-01
   46.90      0.3342E-01
   47.00      0.3270E-01
   47.10      0.3201E-01
   47.20      0.3134E-01
   47.30      0.3070E-01
   47.40      0.3008E-01
   47.50      0.2949E-01
   47.60      0.2892E-01
   47.70      0.2838E-01
   47.80      0.2785E-01
   47.90      0.2734E-01
   48.00      0.2685E-01
   48.10      0.2638E-01
   48.20      0.2592E-01
   48.30      0.2547E-01
   48.40      0.2504E-01
   48.50      0.2461E-01
   48.60      0.2419E-01
   48.70      0.2379E-01
   48.80      0.2339E-01
   48.90      0.2299E-01
   49.00      0.2260E-01
   49.10      0.2222E-01
   49.20      0.2184E-01
   49.30      0.2147E-01
   49.40      0.2110E-01
   49.50      0.2073E-01
   49.60      0.2037E-01
   49.70      0.2001E-01
   49.80      0.1965E-01
   49.90      0.1929E-01
   50.00      0.1894E-01
   50.10      0.1859E-01
   50.20      0.1824E-01
   50.30      0.1790E-01
   50.40      0.1755E-01
   50.50      0.1721E-01
   50.60      0.1687E-01
   50.70      0.1653E-01
   50.80      0.1620E-01
   50.90      0.1586E-01
   51.00      0.1553E-01
   51.10      0.1520E-01
   51.20      0.1487E-01
   51.30      0.1455E-01
   51.40      0.1423E-01
   51.50      0.1391E-01
   51.60      0.1360E-01
   51.70      0.1330E-01
   51.80      0.1300E-01
   51.90      0.1270E-01
   52.00      0.1241E-01
   52.10      0.1213E-01
   52.20      0.1185E-01
   52.30      0.1159E-01
   52.40      0.1132E-01
   52.50      0.1107E-01
   52.60      0.1083E-01
   52.70      0.1059E-01
   52.80      0.1036E-01
   52.90      0.1014E-01
   53.00      0.9923E-02
   53.10      0.9715E-02
   53.20      0.9514E-02
   53.30      0.9319E-02
   53.40      0.9130E-02
   53.50      0.8947E-02
   53.60      0.8770E-02
   53.70      0.8598E-02
   53.80      0.8431E-02
   53.90      0.8268E-02
   54.00      0.8110E-02
   54.10      0.7956E-02
   54.20      0.7806E-02
   54.30      0.7660E-02
   54.40      0.7517E-02
   54.50      0.7378E-02
   54.60      0.7242E-02
   54.70      0.7110E-02
   54.80      0.6981E-02
   54.90      0.6854E-02
   55.00      0.6730E-02
   55.10      0.6609E-02
   55.20      0.6491E-02
   55.30      0.6374E-02
   55.40      0.6260E-02
   55.50      0.6148E-02
   55.60      0.6038E-02
   55.70      0.5929E-02
   55.80      0.5821E-02
   55.90      0.5715E-02
   56.00      0.5609E-02
   56.10      0.5505E-02
   56.20      0.5401E-02
   56.30      0.5297E-02
   56.40      0.5195E-02
   56.50      0.5093E-02
   56.60      0.4991E-02
   56.70      0.4890E-02
   56.80      0.4790E-02
   56.90      0.4690E-02
   57.00      0.4591E-02
   57.10      0.4493E-02
   57.20      0.4397E-02
   57.30      0.4302E-02
   57.40      0.4208E-02
   57.50      0.4115E-02
   57.60      0.4025E-02
   57.70      0.3936E-02
   57.80      0.3849E-02
   57.90      0.3764E-02
   58.00      0.3681E-02
   58.10      0.3600E-02
   58.20      0.3522E-02
   58.30      0.3445E-02
   58.40      0.3370E-02
   58.50      0.3297E-02
   58.60      0.3226E-02
   58.70      0.3157E-02
   58.80      0.3089E-02
   58.90      0.3024E-02
   59.00      0.2959E-02
   59.10      0.2897E-02
   59.20      0.2836E-02
   59.30      0.2776E-02
   59.40      0.2718E-02
   59.50      0.2661E-02
   59.60      0.2606E-02
   59.70      0.2553E-02
   59.80      0.2500E-02
   59.90      0.2449E-02
   60.00      0.2400E-02
   60.10      0.2352E-02
   60.20      0.2305E-02
   60.30      0.2260E-02
   60.40      0.2217E-02
   60.50      0.2174E-02
   60.60      0.2133E-02
   60.70      0.2093E-02
   60.80      0.2054E-02
   60.90      0.2016E-02
   61.00      0.1980E-02
   61.10      0.1944E-02
   61.20      0.1909E-02
   61.30      0.1874E-02
   61.40      0.1840E-02
   61.50      0.1807E-02
   61.60      0.1774E-02
   61.70      0.1741E-02
   61.80      0.1709E-02
   61.90      0.1676E-02
   62.00      0.1645E-02
   62.10      0.1613E-02
   62.20      0.1581E-02
   62.30      0.1550E-02
   62.40      0.1519E-02
   62.50      0.1489E-02
   62.60      0.1458E-02
   62.70      0.1428E-02
   62.80      0.1399E-02
   62.90      0.1370E-02
   63.00      0.1341E-02
   63.10      0.1313E-02
   63.20      0.1285E-02
   63.30      0.1258E-02
   63.40      0.1232E-02
   63.50      0.1206E-02
   63.60      0.1181E-02
   63.70      0.1156E-02
   63.80      0.1131E-02
   63.90      0.1108E-02
   64.00      0.1084E-02
   64.10      0.1061E-02
   64.20      0.1039E-02
   64.30      0.1017E-02
   64.40      0.9951E-03
   64.50      0.9738E-03
   64.60      0.9528E-03
   64.70      0.9322E-03
   64.80      0.9120E-03
   64.90      0.8922E-03
   65.00      0.8727E-03
   65.10      0.8537E-03
   65.20      0.8352E-03
   65.30      0.8171E-03
   65.40      0.7995E-03
   65.50      0.7823E-03
   65.60      0.7657E-03
   65.70      0.7496E-03
   65.80      0.7341E-03
   65.90      0.7190E-03
   66.00      0.7045E-03
   66.10      0.6904E-03
   66.20      0.6768E-03
   66.30      0.6637E-03
   66.40      0.6510E-03
   66.50      0.6387E-03
   66.60      0.6266E-03
   66.70      0.6149E-03
   66.80      0.6035E-03
   66.90      0.5923E-03
   67.00      0.5812E-03
   67.10      0.5704E-03
   67.20      0.5596E-03
   67.30      0.5490E-03
   67.40      0.5385E-03
   67.50      0.5281E-03
   67.60      0.5178E-03
   67.70      0.5076E-03
   67.80      0.4975E-03
   67.90      0.4875E-03
   68.00      0.4777E-03
   68.10      0.4681E-03
   68.20      0.4586E-03
   68.30      0.4493E-03
   68.40      0.4402E-03
   68.50      0.4314E-03
   68.60      0.4227E-03
   68.70      0.4142E-03
   68.80      0.4060E-03
   68.90      0.3979E-03
   69.00      0.3901E-03
   69.10      0.3823E-03
   69.20      0.3748E-03
   69.30      0.3674E-03
   69.40      0.3601E-03
   69.50      0.3529E-03
   69.60      0.3458E-03
   69.70      0.3388E-03
   69.80      0.3319E-03
   69.90      0.3250E-03
   70.00      0.3183E-03
   70.10      0.3115E-03
   70.20      0.3049E-03
   70.30      0.2983E-03
   70.40      0.2919E-03
   70.50      0.2855E-03
   70.60      0.2793E-03
   70.70      0.2731E-03
   70.80      0.2671E-03
   70.90      0.2613E-03
   71.00      0.2556E-03
   71.10      0.2501E-03
   71.20      0.2447E-03
   71.30      0.2395E-03
   71.40      0.2345E-03
   71.50      0.2297E-03
   71.60      0.2251E-03
   71.70      0.2206E-03
   71.80      0.2162E-03
   71.90      0.2120E-03
   72.00      0.2079E-03
   72.10      0.2039E-03
   72.20      0.2000E-03
   72.30      0.1961E-03
   72.40      0.1923E-03
   72.50      0.1886E-03
   72.60      0.1849E-03
   72.70      0.1812E-03
   72.80      0.1776E-03
   72.90      0.1740E-03
   73.00      0.1704E-03
   73.10      0.1668E-03
   73.20      0.1634E-03
   73.30      0.1599E-03
   73.40      0.1566E-03
   73.50      0.1533E-03
   73.60      0.1500E-03
   73.70      0.1469E-03
   73.80      0.1439E-03
   73.90      0.1410E-03
   74.00      0.1381E-03
   74.10      0.1354E-03
   74.20      0.1327E-03
   74.30      0.1302E-03
   74.40      0.1277E-03
   74.50      0.1253E-03
   74.60      0.1229E-03
   74.70      0.1206E-03
   74.80      0.1183E-03
   74.90      0.1161E-03
   75.00      0.1139E-03
   75.10      0.1117E-03
   75.20      0.1096E-03
   75.30      0.1074E-03
   75.40      0.1053E-03
   75.50      0.1032E-03
   75.60      0.1011E-03
   75.70      0.9901E-04
   75.80      0.9694E-04
   75.90      0.9489E-04
   76.00      0.9287E-04
   76.10      0.9087E-04
   76.20      0.8892E-04
   76.30      0.8701E-04
   76.40      0.8514E-04
   76.50      0.8333E-04
   76.60      0.8158E-04
   76.70      0.7989E-04
   76.80      0.7826E-04
   76.90      0.7669E-04
   77.00      0.7517E-04
   77.10      0.7371E-04
   77.20      0.7230E-04
   77.30      0.7093E-04
   77.40      0.6960E-04
   77.50      0.6829E-04
   77.60      0.6701E-04
   77.70      0.6573E-04
   77.80      0.6446E-04
   77.90      0.6319E-04
   78.00      0.6193E-04
   78.10      0.6065E-04
   78.20      0.5938E-04
   78.30      0.5810E-04
   78.40      0.5683E-04
   78.50      0.5556E-04
   78.60      0.5430E-04
   78.70      0.5307E-04
   78.80      0.5185E-04
   78.90      0.5067E-04
   79.00      0.4952E-04
   79.10      0.4841E-04
   79.20      0.4735E-04
   79.30      0.4632E-04
   79.40      0.4534E-04
   79.50      0.4440E-04
   79.60      0.4350E-04
   79.70      0.4264E-04
   79.80      0.4181E-04
   79.90      0.4102E-04
   80.00      0.4025E-04
   80.10      0.3950E-04
   80.20      0.3877E-04
   80.30      0.3806E-04
   80.40      0.3736E-04
   80.50      0.3667E-04
   80.60      0.3599E-04
   80.70      0.3531E-04
   80.80      0.3463E-04
   80.90      0.3396E-04
   81.00      0.3329E-04
   81.10      0.3262E-04
   81.20      0.3195E-04
   81.30      0.3129E-04
   81.40      0.3063E-04
   81.50      0.2999E-04
   81.60      0.2935E-04
   81.70      0.2873E-04
   81.80      0.2813E-04
   81.90      0.2754E-04
   82.00      0.2698E-04
   82.10      0.2645E-04
   82.20      0.2594E-04
   82.30      0.2545E-04
   82.40      0.2499E-04
   82.50      0.2455E-04
   82.60      0.2413E-04
   82.70      0.2372E-04
   82.80      0.2333E-04
   82.90      0.2294E-04
   83.00      0.2255E-04
   83.10      0.2216E-04
   83.20      0.2177E-04
   83.30      0.2137E-04
   83.40      0.2096E-04
   83.50      0.2053E-04
   83.60      0.2010E-04
   83.70      0.1966E-04
   83.80      0.1921E-04
   83.90      0.1877E-04
   84.00      0.1832E-04
   84.10      0.1787E-04
   84.20      0.1743E-04
   84.30      0.1701E-04
   84.40      0.1659E-04
   84.50      0.1619E-04
   84.60      0.1581E-04
   84.70      0.1545E-04
   84.80      0.1510E-04
   84.90      0.1477E-04
   85.00      0.1446E-04
   85.10      0.1416E-04
   85.20      0.1388E-04
   85.30      0.1361E-04
   85.40      0.1335E-04
   85.50      0.1310E-04
   85.60      0.1285E-04
   85.70      0.1262E-04
   85.80      0.1239E-04
   85.90      0.1216E-04
   86.00      0.1193E-04
   86.10      0.1171E-04
   86.20      0.1148E-04
   86.30      0.1126E-04
   86.40      0.1104E-04
   86.50      0.1081E-04
   86.60      0.1058E-04
   86.70      0.1036E-04
   86.80      0.1013E-04
   86.90      0.9902E-05
   87.00      0.9679E-05
   87.10      0.9462E-05
   87.20      0.9251E-05
   87.30      0.9049E-05
   87.40      0.8857E-05
   87.50      0.8678E-05
   87.60      0.8511E-05
   87.70      0.8358E-05
   87.80      0.8217E-05
   87.90      0.8087E-05
   88.00      0.7968E-05
   88.10      0.7856E-05
   88.20      0.7749E-05
   88.30      0.7645E-05
   88.40      0.7540E-05
   88.50      0.7432E-05
   88.60      0.7318E-05
   88.70      0.7198E-05
   88.80      0.7071E-05
   88.90      0.6935E-05
   89.00      0.6792E-05
   89.10      0.6642E-05
   89.20      0.6487E-05
   89.30      0.6330E-05
   89.40      0.6171E-05
   89.50      0.6014E-05
   89.60      0.5859E-05
   89.70      0.5709E-05
   89.80      0.5564E-05
   89.90      0.5427E-05
   90.00      0.5296E-05
   90.10      0.5172E-05
   90.20      0.5056E-05
   90.30      0.4946E-05
   90.40      0.4843E-05
   90.50      0.4745E-05
   90.60      0.4652E-05
   90.70      0.4563E-05
   90.80      0.4479E-05
   90.90      0.4398E-05
   91.00      0.4320E-05
   91.10      0.4245E-05
   91.20      0.4172E-05
   91.30      0.4101E-05
   91.40      0.4030E-05
   91.50      0.3961E-05
   91.60      0.3890E-05
   91.70      0.3819E-05
   91.80      0.3746E-05
   91.90      0.3670E-05
   92.00      0.3591E-05
   92.10      0.3510E-05
   92.20      0.3426E-05
   92.30      0.3340E-05
   92.40      0.3254E-05
   92.50      0.3169E-05
   92.60      0.3086E-05
   92.70      0.3007E-05
   92.80      0.2932E-05
   92.90      0.2864E-05
   93.00      0.2804E-05
   93.10      0.2751E-05
   93.20      0.2705E-05
   93.30      0.2666E-05
   93.40      0.2634E-05
   93.50      0.2605E-05
   93.60      0.2580E-05
   93.70      0.2555E-05
   93.80      0.2530E-05
   93.90      0.2502E-05
   94.00      0.2470E-05
   94.10      0.2434E-05
   94.20      0.2392E-05
   94.30      0.2346E-05
   94.40      0.2295E-05
   94.50      0.2240E-05
   94.60      0.2183E-05
   94.70      0.2124E-05
   94.80      0.2065E-05
   94.90      0.2008E-05
   95.00      0.1952E-05
   95.10      0.1899E-05
   95.20      0.1850E-05
   95.30      0.1804E-05
   95.40      0.1761E-05
   95.50      0.1721E-05
   95.60      0.1684E-05
   95.70      0.1650E-05
   95.80      0.1617E-05
   95.90      0.1586E-05
   96.00      0.1557E-05
   96.10      0.1530E-05
   96.20      0.1504E-05
   96.30      0.1480E-05
   96.40      0.1458E-05
   96.50      0.1437E-05
   96.60      0.1419E-05
   96.70      0.1402E-05
   96.80      0.1385E-05
   96.90      0.1370E-05
   97.00      0.1353E-05
   97.10      0.1336E-05
   97.20      0.1317E-05
   97.30      0.1295E-05
   97.40      0.1270E-05
   97.50      0.1241E-05
   97.60      0.1210E-05
   97.70      0.1175E-05
   97.80      0.1139E-05
   97.90      0.1102E-05
   98.00      0.1065E-05
   98.10      0.1029E-05
   98.20      0.9963E-06
   98.30      0.9670E-06
   98.40      0.9422E-06
   98.50      0.9221E-06
   98.60      0.9068E-06
   98.70      0.8958E-06
   98.80      0.8885E-06
   98.90      0.8837E-06
   99.00      0.8803E-06
   99.10      0.8770E-06
   99.20      0.8725E-06
   99.30      0.8659E-06
   99.40      0.8564E-06
   99.50      0.8435E-06
   99.60      0.8272E-06
   99.70      0.8077E-06
   99.80      0.7856E-06
   99.90      0.7616E-06
   100.0      0.7367E-06
   100.1      0.7117E-06
   100.2      0.6875E-06
   100.3      0.6646E-06
   100.4      0.6437E-06
   100.5      0.6248E-06
   100.6      0.6080E-06
   100.7      0.5931E-06
   100.8      0.5797E-06
   100.9      0.5674E-06
   101.0      0.5559E-06
   101.1      0.5447E-06
   101.2      0.5337E-06
   101.3      0.5229E-06
   101.4      0.5123E-06
   101.5      0.5023E-06
   101.6      0.4933E-06
   101.7      0.4855E-06
   101.8      0.4794E-06
   101.9      0.4751E-06
   102.0      0.4726E-06
   102.1      0.4719E-06
   102.2      0.4725E-06
   102.3      0.4738E-06
   102.4      0.4751E-06
   102.5      0.4755E-06
   102.6      0.4744E-06
   102.7      0.4710E-06
   102.8      0.4647E-06
   102.9      0.4554E-06
   103.0      0.4431E-06
   103.1      0.4281E-06
   103.2      0.4111E-06
   103.3      0.3929E-06
   103.4      0.3745E-06
   103.5      0.3569E-06
   103.6      0.3411E-06
   103.7      0.3280E-06
   103.8      0.3180E-06
   103.9      0.3114E-06
   104.0      0.3082E-06
   104.1      0.3080E-06
   104.2      0.3100E-06
   104.3      0.3134E-06
   104.4      0.3172E-06
   104.5      0.3205E-06
   104.6      0.3224E-06
   104.7      0.3222E-06
   104.8      0.3195E-06
   104.9      0.3142E-06
   105.0      0.3063E-06
   105.1      0.2964E-06
   105.2      0.2849E-06
   105.3      0.2727E-06
   105.4      0.2604E-06
   105.5      0.2488E-06
   105.6      0.2383E-06
   105.7      0.2294E-06
   105.8      0.2221E-06
   105.9      0.2163E-06
   106.0      0.2119E-06
   106.1      0.2083E-06
   106.2      0.2051E-06
   106.3      0.2019E-06
   106.4      0.1981E-06
   106.5      0.1937E-06
   106.6      0.1886E-06
   106.7      0.1828E-06
   106.8      0.1767E-06
   106.9      0.1708E-06
   107.0      0.1655E-06
   107.1      0.1614E-06
   107.2      0.1589E-06
   107.3      0.1583E-06
   107.4      0.1597E-06
   107.5      0.1629E-06
   107.6      0.1675E-06
   107.7      0.1729E-06
   107.8      0.1785E-06
   107.9      0.1834E-06
   108.0      0.1869E-06
   108.1      0.1884E-06
   108.2      0.1873E-06
   108.3      0.1835E-06
   108.4      0.1770E-06
   108.5      0.1682E-06
   108.6      0.1576E-06
   108.7      0.1461E-06
   108.8      0.1345E-06
   108.9      0.1238E-06
   109.0      0.1146E-06
   109.1      0.1078E-06
   109.2      0.1035E-06
   109.3      0.1021E-06
   109.4      0.1032E-06
   109.5      0.1065E-06
   109.6      0.1112E-06
   109.7      0.1167E-06
   109.8      0.1220E-06
   109.9      0.1264E-06
   110.0      0.1293E-06
   110.1      0.1302E-06
   110.2      0.1290E-06
   110.3      0.1256E-06
   110.4      0.1205E-06
   110.5      0.1141E-06
   110.6      0.1070E-06
   110.7      0.9994E-07
   110.8      0.9350E-07
   110.9      0.8819E-07
   111.0      0.8435E-07
   111.1      0.8209E-07
   111.2      0.8129E-07
   111.3      0.8168E-07
   111.4      0.8279E-07
   111.5      0.8410E-07
   111.6      0.8507E-07
   111.7      0.8522E-07
   111.8      0.8423E-07
   111.9      0.8195E-07
   112.0      0.7844E-07
   112.1      0.7396E-07
   112.2      0.6894E-07
   112.3      0.6395E-07
   112.4      0.5957E-07
   112.5      0.5637E-07
   112.6      0.5481E-07
   112.7      0.5516E-07
   112.8      0.5747E-07
   112.9      0.6156E-07
   113.0      0.6702E-07
   113.1      0.7327E-07
   113.2      0.7957E-07
   113.3      0.8519E-07
   113.4      0.8941E-07
   113.5      0.9166E-07
   113.6      0.9155E-07
   113.7      0.8896E-07
   113.8      0.8403E-07
   113.9      0.7714E-07
   114.0      0.6890E-07
   114.1      0.6006E-07
   114.2      0.5143E-07
   114.3      0.4380E-07
   114.4      0.3782E-07
   114.5      0.3398E-07
   114.6      0.3251E-07
   114.7      0.3339E-07
   114.8      0.3632E-07
   114.9      0.4081E-07
   115.0      0.4618E-07
   115.1      0.5171E-07
   115.2      0.5666E-07
   115.3      0.6041E-07
   115.4      0.6249E-07
   115.5      0.6266E-07
   115.6      0.6092E-07
   115.7      0.5749E-07
   115.8      0.5281E-07
   115.9      0.4745E-07
   116.0      0.4206E-07
   116.1      0.3724E-07
   116.2      0.3353E-07
   116.3      0.3130E-07
   116.4      0.3070E-07
   116.5      0.3169E-07
   116.6      0.3399E-07
   116.7      0.3716E-07
   116.8      0.4065E-07
   116.9      0.4387E-07
   117.0      0.4627E-07
   117.1      0.4742E-07
   117.2      0.4706E-07
   117.3      0.4513E-07
   117.4      0.4180E-07
   117.5      0.3745E-07
   117.6      0.3261E-07
   117.7      0.2788E-07
   117.8      0.2390E-07
   117.9      0.2123E-07
   118.0      0.2029E-07
   118.1      0.2131E-07
   118.2      0.2427E-07
   118.3      0.2891E-07
   118.4      0.3479E-07
   118.5      0.4126E-07
   118.6      0.4762E-07
   118.7      0.5313E-07
   118.8      0.5714E-07
   118.9      0.5917E-07
   119.0      0.5893E-07
   119.1      0.5639E-07
   119.2      0.5178E-07
   119.3      0.4555E-07
   119.4      0.3832E-07
   119.5      0.3085E-07
   119.6      0.2389E-07
   119.7      0.1812E-07
   119.8      0.1410E-07
   119.9      0.1216E-07
   120.0      0.1239E-07
   120.1      0.1464E-07
   120.2      0.1851E-07
   120.3      0.2345E-07
   120.4      0.2876E-07
   120.5      0.3376E-07
   120.6      0.3780E-07
   120.7      0.4037E-07
   120.8      0.4116E-07
   120.9      0.4010E-07
   121.0      0.3733E-07
   121.1      0.3322E-07
   121.2      0.2829E-07
   121.3      0.2318E-07
   121.4      0.1853E-07
   121.5      0.1489E-07
   121.6      0.1271E-07
   121.7      0.1224E-07
   121.8      0.1348E-07
   121.9      0.1623E-07
   122.0      0.2010E-07
   122.1      0.2454E-07
   122.2      0.2894E-07
   122.3      0.3267E-07
   122.4      0.3522E-07
   122.5      0.3620E-07
   122.6      0.3544E-07
   122.7      0.3300E-07
   122.8      0.2916E-07
   122.9      0.2437E-07
   123.0      0.1924E-07
   123.1      0.1444E-07
   123.2      0.1059E-07
   123.3      0.8222E-08
   123.4      0.7710E-08
   123.5      0.9191E-08
   123.6      0.1257E-07
   123.7      0.1751E-07
   123.8      0.2348E-07
   123.9      0.2983E-07
   124.0      0.3584E-07
   124.1      0.4080E-07
   124.2      0.4414E-07
   124.3      0.4545E-07
   124.4      0.4457E-07
   124.5      0.4157E-07
   124.6      0.3677E-07
   124.7      0.3071E-07
   124.8      0.2405E-07
   124.9      0.1752E-07
   125.0      0.1183E-07
   125.1      0.7585E-08
   125.2      0.5216E-08
   125.3      0.4922E-08
   125.4      0.6654E-08
   125.5      0.1013E-07
   125.6      0.1486E-07
   125.7      0.2021E-07
   125.8      0.2550E-07
   125.9      0.3005E-07
   126.0      0.3330E-07
   126.1      0.3485E-07
   126.2      0.3454E-07
   126.3      0.3242E-07
   126.4      0.2878E-07
   126.5      0.2410E-07
   126.6      0.1899E-07
   126.7      0.1410E-07
   126.8      0.1007E-07
   126.9      0.7403E-08
   127.0      0.6439E-08
   127.1      0.7299E-08
   127.2      0.9870E-08
   127.3      0.1382E-07
   127.4      0.1864E-07
   127.5      0.2371E-07
   127.6      0.2836E-07
   127.7      0.3200E-07
   127.8      0.3414E-07
   127.9      0.3448E-07
   128.0      0.3295E-07
   128.1      0.2972E-07
   128.2      0.2518E-07
   128.3      0.1988E-07
   128.4      0.1448E-07
   128.5      0.9670E-08
   128.6      0.6076E-08
   128.7      0.4178E-08
   128.8      0.4260E-08
   128.9      0.6365E-08
   129.0      0.1029E-07
   129.1      0.1562E-07
   129.2      0.2174E-07
   129.3      0.2796E-07
   129.4      0.3354E-07
   129.5      0.3784E-07
   129.6      0.4035E-07
   129.7      0.4075E-07
   129.8      0.3900E-07
   129.9      0.3529E-07
   130.0      0.3005E-07
   130.1      0.2388E-07
   130.2      0.1748E-07
   130.3      0.1159E-07
   130.4      0.6879E-08
   130.5      0.3853E-08
   130.6      0.2826E-08
   130.7      0.3865E-08
   130.8      0.6788E-08
   130.9      0.1119E-07
   131.0      0.1648E-07
   131.1      0.2199E-07
   131.2      0.2700E-07
   131.3      0.3090E-07
   131.4      0.3319E-07
   131.5      0.3359E-07
   131.6      0.3208E-07
   131.7      0.2884E-07
   131.8      0.2430E-07
   131.9      0.1905E-07
   132.0      0.1376E-07
   132.1      0.9100E-08
   132.2      0.5681E-08
   132.3      0.3947E-08
   132.4      0.4130E-08
   132.5      0.6226E-08
   132.6      0.9987E-08
   132.7      0.1496E-07
   132.8      0.2052E-07
   132.9      0.2599E-07
   133.0      0.3069E-07
   133.1      0.3402E-07
   133.2      0.3555E-07
   133.3      0.3509E-07
   133.4      0.3267E-07
   133.5      0.2859E-07
   133.6      0.2335E-07
   133.7      0.1758E-07
   133.8      0.1201E-07
   133.9      0.7333E-08
   134.0      0.4153E-08
   134.1      0.2889E-08
   134.2      0.3728E-08
   134.3      0.6605E-08
   134.4      0.1121E-07
   134.5      0.1700E-07
   134.6      0.2331E-07
   134.7      0.2940E-07
   134.8      0.3454E-07
   134.9      0.3811E-07
   135.0      0.3969E-07
   135.1      0.3908E-07
   135.2      0.3636E-07
   135.3      0.3184E-07
   135.4      0.2606E-07
   135.5      0.1969E-07
   135.6      0.1351E-07
   135.7      0.8215E-08
   135.8      0.4438E-08
   135.9      0.2601E-08
   136.0      0.2895E-08
   136.1      0.5249E-08
   136.2      0.9342E-08
   136.3      0.1464E-07
   136.4      0.2048E-07
   136.5      0.2611E-07
   136.6      0.3082E-07
   136.7      0.3404E-07
   136.8      0.3535E-07
   136.9      0.3461E-07
   137.0      0.3190E-07
   137.1      0.2756E-07
   137.2      0.2216E-07
   137.3      0.1636E-07
   137.4      0.1091E-07
   137.5      0.6492E-08
   137.6      0.3678E-08
   137.7      0.2835E-08
   137.8      0.4088E-08
   137.9      0.7301E-08
   138.0      0.1209E-07
   138.1      0.1788E-07
   138.2      0.2397E-07
   138.3      0.2960E-07
   138.4      0.3408E-07
   138.5      0.3685E-07
   138.6      0.3756E-07
   138.7      0.3613E-07
   138.8      0.3271E-07
   138.9      0.2772E-07
   139.0      0.2177E-07
   139.1      0.1560E-07
   139.2      0.9977E-08
   139.3      0.5603E-08
   139.4      0.3036E-08
   139.5      0.2615E-08
   139.6      0.4419E-08
   139.7      0.8255E-08
   139.8      0.1368E-07
   139.9      0.2006E-07
   140.0      0.2663E-07
   140.1      0.3260E-07
   140.2      0.3726E-07
   140.3      0.4004E-07
   140.4      0.4061E-07
   140.5      0.3889E-07
   140.6      0.3509E-07
   140.7      0.2967E-07
   140.8      0.2328E-07
   140.9      0.1668E-07
   141.0      0.1067E-07
   141.1      0.5977E-08
   141.2      0.3151E-08
   141.3      0.2525E-08
   141.4      0.4158E-08
   141.5      0.7835E-08
   141.6      0.1309E-07
   141.7      0.1926E-07
   141.8      0.2558E-07
   141.9      0.3126E-07
   142.0      0.3560E-07
   142.1      0.3806E-07
   142.2      0.3833E-07
   142.3      0.3638E-07
   142.4      0.3245E-07
   142.5      0.2705E-07
   142.6      0.2084E-07
   142.7      0.1460E-07
   142.8      0.9129E-08
   142.9      0.5117E-08
   143.0      0.3081E-08
   143.1      0.3297E-08
   143.2      0.5763E-08
   143.3      0.1020E-07
   143.4      0.1607E-07
   143.5      0.2267E-07
   143.6      0.2920E-07
   143.7      0.3486E-07
   143.8      0.3895E-07
   143.9      0.4096E-07
   144.0      0.4064E-07
   144.1      0.3802E-07
   144.2      0.3341E-07
   144.3      0.2737E-07
   144.4      0.2065E-07
   144.5      0.1408E-07
   144.6      0.8458E-08
   144.7      0.4505E-08
   144.8      0.2720E-08
   144.9      0.3344E-08
   145.0      0.6325E-08
   145.1      0.1132E-07
   145.2      0.1774E-07
   145.3      0.2483E-07
   145.4      0.3171E-07
   145.5      0.3758E-07
   145.6      0.4170E-07
   145.7      0.4358E-07
   145.8      0.4300E-07
   145.9      0.4000E-07
   146.0      0.3496E-07
   146.1      0.2849E-07
   146.2      0.2137E-07
   146.3      0.1447E-07
   146.4      0.8625E-08
   146.5      0.4552E-08
   146.6      0.2744E-08
   146.7      0.3421E-08
   146.8      0.6497E-08
   146.9      0.1159E-07
   147.0      0.1808E-07
   147.1      0.2515E-07
   147.2      0.3194E-07
   147.3      0.3761E-07
   147.4      0.4145E-07
   147.5      0.4299E-07
   147.6      0.4203E-07
   147.7      0.3870E-07
   147.8      0.3340E-07
   147.9      0.2678E-07
   148.0      0.1969E-07
   148.1      0.1299E-07
   148.2      0.7539E-08
   148.3      0.4027E-08
   148.4      0.2914E-08
   148.5      0.4364E-08
   148.6      0.8226E-08
   148.7      0.1405E-07
   148.8      0.2114E-07
   148.9      0.2865E-07
   149.0      0.3566E-07
   149.1      0.4131E-07
   149.2      0.4491E-07
   149.3      0.4602E-07
   149.4      0.4449E-07
   149.5      0.4050E-07
   149.6      0.3454E-07
   149.7      0.2733E-07
   149.8      0.1977E-07
   149.9      0.1279E-07
   150.0      0.7267E-08
   150.1      0.3889E-08
   150.2      0.3099E-08
   150.3      0.5021E-08
   150.4      0.9445E-08
   150.5      0.1586E-07
   150.6      0.2349E-07
   150.7      0.3143E-07
   150.8      0.3872E-07
   150.9      0.4446E-07
   151.0      0.4796E-07
   151.1      0.4879E-07
   151.2      0.4684E-07
   151.3      0.4235E-07
   151.4      0.3585E-07
   151.5      0.2814E-07
   151.6      0.2016E-07
   151.7      0.1290E-07
   151.8      0.7242E-08
   151.9      0.3898E-08
   152.0      0.3286E-08
   152.1      0.5491E-08
   152.2      0.1026E-07
   152.3      0.1700E-07
   152.4      0.2492E-07
   152.5      0.3303E-07
   152.6      0.4034E-07
   152.7      0.4596E-07
   152.8      0.4918E-07
   152.9      0.4960E-07
   153.0      0.4717E-07
   153.1      0.4219E-07
   153.2      0.3525E-07
   153.3      0.2722E-07
   153.4      0.1910E-07
   153.5      0.1191E-07
   153.6      0.6542E-08
   153.7      0.3699E-08
   153.8      0.3761E-08
   153.9      0.6757E-08
   154.0      0.1235E-07
   154.1      0.1990E-07
   154.2      0.2848E-07
   154.3      0.3708E-07
   154.4      0.4465E-07
   154.5      0.5026E-07
   154.6      0.5322E-07
   154.7      0.5316E-07
   154.8      0.5009E-07
   154.9      0.4436E-07
   155.0      0.3668E-07
   155.1      0.2799E-07
   155.2      0.1936E-07
   155.3      0.1187E-07
   155.4      0.6456E-08
   155.5      0.3810E-08
   155.6      0.4292E-08
   155.7      0.7880E-08
   155.8      0.1417E-07
   155.9      0.2242E-07
   156.0      0.3165E-07
   156.1      0.4074E-07
   156.2      0.4861E-07
   156.3      0.5427E-07
   156.4      0.5705E-07
   156.5      0.5659E-07
   156.6      0.5294E-07
   156.7      0.4655E-07
   156.8      0.3818E-07
   156.9      0.2886E-07
   157.0      0.1974E-07
   157.1      0.1195E-07
   157.2      0.6472E-08
   157.3      0.3992E-08
   157.4      0.4847E-08
   157.5      0.8961E-08
   157.6      0.1586E-07
   157.7      0.2472E-07
   157.8      0.3448E-07
   157.9      0.4396E-07
   158.0      0.5199E-07
   158.1      0.5759E-07
   158.2      0.6006E-07
   158.3      0.5910E-07
   158.4      0.5481E-07
   158.5      0.4772E-07
   158.6      0.3868E-07
   158.7      0.2883E-07
   158.8      0.1938E-07
   158.9      0.1153E-07
   159.0      0.6275E-08
   159.1      0.4312E-08
   159.2      0.5931E-08
   159.3      0.1099E-07
   159.4      0.1892E-07
   159.5      0.2879E-07
   159.6      0.3943E-07
   159.7      0.4956E-07
   159.8      0.5796E-07
   159.9      0.6359E-07
   160.0      0.6576E-07
   160.1      0.6419E-07
   160.2      0.5907E-07
   160.3      0.5100E-07
   160.4      0.4097E-07
   160.5      0.3021E-07
   160.6      0.2006E-07
   160.7      0.1178E-07
   160.8      0.6432E-08
   160.9      0.4710E-08
   161.0      0.6884E-08
   161.1      0.1274E-07
   161.2      0.2162E-07
   161.3      0.3248E-07
   161.4      0.4403E-07
   161.5      0.5488E-07
   161.6      0.6371E-07
   161.7      0.6946E-07
   161.8      0.7140E-07
   161.9      0.6930E-07
   162.0      0.6338E-07
   162.1      0.5437E-07
   162.2      0.4337E-07
   162.3      0.3173E-07
   162.4      0.2090E-07
   162.5      0.1223E-07
   162.6      0.6832E-08
   162.7      0.5428E-08
   162.8      0.8247E-08
   162.9      0.1501E-07
   163.0      0.2495E-07
   163.1      0.3689E-07
   163.2      0.4943E-07
   163.3      0.6104E-07
   163.4      0.7033E-07
   163.5      0.7615E-07
   163.6      0.7777E-07
   163.7      0.7499E-07
   163.8      0.6813E-07
   163.9      0.5801E-07
   164.0      0.4587E-07
   164.1      0.3322E-07
   164.2      0.2164E-07
   164.3      0.1258E-07
   164.4      0.7237E-08
   164.5      0.6332E-08
   164.6      0.1007E-07
   164.7      0.1808E-07
   164.8      0.2946E-07
   164.9      0.4291E-07
   165.0      0.5683E-07
   165.1      0.6957E-07
   165.2      0.7958E-07
   165.3      0.8565E-07
   165.4      0.8702E-07
   165.5      0.8350E-07
   165.6      0.7551E-07
   165.7      0.6401E-07
   165.8      0.5040E-07
   165.9      0.3636E-07
   166.0      0.2363E-07
   166.1      0.1385E-07
   166.2      0.8272E-08
   166.3      0.7680E-08
   166.4      0.1225E-07
   166.5      0.2154E-07
   166.6      0.3450E-07
   166.7      0.4965E-07
   166.8      0.6521E-07
   166.9      0.7933E-07
   167.0      0.9031E-07
   167.1      0.9682E-07
   167.2      0.9804E-07
   167.3      0.9381E-07
   167.4      0.8462E-07
   167.5      0.7158E-07
   167.6      0.5627E-07
   167.7      0.4059E-07
   167.8      0.2649E-07
   167.9      0.1577E-07
   168.0      0.9844E-08
   168.1      0.9548E-08
   168.2      0.1505E-07
   168.3      0.2582E-07
   168.4      0.4068E-07
   168.5      0.5793E-07
   168.6      0.7555E-07
   168.7      0.9147E-07
   168.8      0.1038E-06
   168.9      0.1110E-06
   169.0      0.1122E-06
   169.1      0.1072E-06
   169.2      0.9671E-07
   169.3      0.8186E-07
   169.4      0.6450E-07
   169.5      0.4678E-07
   169.6      0.3093E-07
   169.7      0.1898E-07
   169.8      0.1254E-07
   169.9      0.1254E-07
   170.0      0.1919E-07
   170.1      0.3187E-07
   170.2      0.4923E-07
   170.3      0.6932E-07
   170.4      0.8985E-07
   170.5      0.1084E-06
   170.6      0.1229E-06
   170.7      0.1314E-06
   170.8      0.1331E-06
   170.9      0.1276E-06
   171.0      0.1156E-06
   171.1      0.9861E-07
   171.2      0.7860E-07
   171.3      0.5808E-07
   171.4      0.3960E-07
   171.5      0.2556E-07
   171.6      0.1783E-07
   171.7      0.1756E-07
   171.8      0.2504E-07
   171.9      0.3963E-07
   172.0      0.5982E-07
   172.1      0.8341E-07
   172.2      0.1078E-06
   172.3      0.1301E-06
   172.4      0.1478E-06
   172.5      0.1589E-06
   172.6      0.1620E-06
   172.7      0.1568E-06
   172.8      0.1439E-06
   172.9      0.1249E-06
   173.0      0.1020E-06
   173.1      0.7819E-07
   173.2      0.5635E-07
   173.3      0.3933E-07
   173.4      0.2943E-07
   173.5      0.2813E-07
   173.6      0.3594E-07
   173.7      0.5230E-07
   173.8      0.7564E-07
   173.9      0.1035E-06
   174.0      0.1330E-06
   174.1      0.1608E-06
   174.2      0.1839E-06
   174.3      0.1998E-06
   174.4      0.2068E-06
   174.5      0.2041E-06
   174.6      0.1923E-06
   174.7      0.1730E-06
   174.8      0.1484E-06
   174.9      0.1219E-06
   175.0      0.9678E-07
   175.1      0.7630E-07
   175.2      0.6325E-07
   175.3      0.5958E-07
   175.4      0.6615E-07
   175.5      0.8266E-07
   175.6      0.1077E-06
   175.7      0.1387E-06
   175.8      0.1727E-06
   175.9      0.2063E-06
   176.0      0.2361E-06
   176.1      0.2593E-06
   176.2      0.2740E-06
   176.3      0.2794E-06
   176.4      0.2759E-06
   176.5      0.2652E-06
   176.6      0.2498E-06
   176.7      0.2332E-06
   176.8      0.2189E-06
   176.9      0.2102E-06
   177.0      0.2101E-06
   177.1      0.2203E-06
   177.2      0.2413E-06
   177.3      0.2722E-06
   177.4      0.3106E-06
   177.5      0.3531E-06
   177.6      0.3955E-06
   177.7      0.4334E-06
   177.8      0.4623E-06
   177.9      0.4790E-06
   178.0      0.4811E-06
   178.1      0.4682E-06
   178.2      0.4415E-06
   178.3      0.4041E-06
   178.4      0.3606E-06
   178.5      0.3169E-06
   178.6      0.2794E-06
   178.7      0.2545E-06
   178.8      0.2479E-06
   178.9      0.2636E-06
   179.0      0.3041E-06
   179.1      0.3694E-06
   179.2      0.4571E-06
   179.3      0.5625E-06
   179.4      0.6789E-06
   179.5      0.7984E-06
   179.6      0.9121E-06
   179.7      0.1011E-05
   179.8      0.1089E-05
   179.9      0.1138E-05
   180.0      0.1154E-05
