#  Theta       sigma       iT11        T20         T21         T22         Kyy for projectile
   0.000       34.98    
  0.1000       34.91    
  0.2000       34.71    
  0.3000       34.39    
  0.4000       33.95    
  0.5000       33.39    
  0.6000       32.74    
  0.7000       31.99    
  0.8000       31.17    
  0.9000       30.30    
   1.000       29.38    
   1.100       28.45    
   1.200       27.51    
   1.300       26.58    
   1.400       25.70    
   1.500       24.87    
   1.600       24.11    
   1.700       23.44    
   1.800       22.88    
   1.900       22.43    
   2.000       22.12    
   2.100       21.95    
   2.200       21.94    
   2.300       22.07    
   2.400       22.37    
   2.500       22.82    
   2.600       23.44    
   2.700       24.20    
   2.800       25.11    
   2.900       26.15    
   3.000       27.31    
   3.100       28.58    
   3.200       29.94    
   3.300       31.37    
   3.400       32.86    
   3.500       34.38    
   3.600       35.92    
   3.700       37.44    
   3.800       38.93    
   3.900       40.37    
   4.000       41.74    
   4.100       43.01    
   4.200       44.17    
   4.300       45.19    
   4.400       46.07    
   4.500       46.79    
   4.600       47.34    
   4.700       47.70    
   4.800       47.87    
   4.900       47.84    
   5.000       47.62    
   5.100       47.20    
   5.200       46.58    
   5.300       45.77    
   5.400       44.78    
   5.500       43.61    
   5.600       42.28    
   5.700       40.80    
   5.800       39.19    
   5.900       37.47    
   6.000       35.64    
   6.100       33.74    
   6.200       31.77    
   6.300       29.77    
   6.400       27.75    
   6.500       25.72    
   6.600       23.72    
   6.700       21.76    
   6.800       19.85    
   6.900       18.01    
   7.000       16.26    
   7.100       14.62    
   7.200       13.09    
   7.300       11.69    
   7.400       10.42    
   7.500       9.289    
   7.600       8.306    
   7.700       7.472    
   7.800       6.786    
   7.900       6.249    
   8.000       5.856    
   8.100       5.605    
   8.200       5.487    
   8.300       5.496    
   8.400       5.622    
   8.500       5.856    
   8.600       6.185    
   8.700       6.598    
   8.800       7.082    
   8.900       7.624    
   9.000       8.211    
   9.100       8.830    
   9.200       9.468    
   9.300       10.11    
   9.400       10.75    
   9.500       11.37    
   9.600       11.96    
   9.700       12.51    
   9.800       13.02    
   9.900       13.47    
   10.00       13.85    
   10.10       14.17    
   10.20       14.42    
   10.30       14.60    
   10.40       14.70    
   10.50       14.72    
   10.60       14.67    
   10.70       14.54    
   10.80       14.34    
   10.90       14.08    
   11.00       13.75    
   11.10       13.36    
   11.20       12.93    
   11.30       12.44    
   11.40       11.92    
   11.50       11.37    
   11.60       10.80    
   11.70       10.21    
   11.80       9.614    
   11.90       9.016    
   12.00       8.423    
   12.10       7.843    
   12.20       7.282    
   12.30       6.745    
   12.40       6.238    
   12.50       5.766    
   12.60       5.332    
   12.70       4.939    
   12.80       4.591    
   12.90       4.288    
   13.00       4.032    
   13.10       3.823    
   13.20       3.662    
   13.30       3.547    
   13.40       3.476    
   13.50       3.448    
   13.60       3.460    
   13.70       3.509    
   13.80       3.592    
   13.90       3.705    
   14.00       3.844    
   14.10       4.005    
   14.20       4.184    
   14.30       4.376    
   14.40       4.577    
   14.50       4.783    
   14.60       4.990    
   14.70       5.194    
   14.80       5.391    
   14.90       5.578    
   15.00       5.751    
   15.10       5.909    
   15.20       6.047    
   15.30       6.166    
   15.40       6.261    
   15.50       6.334    
   15.60       6.382    
   15.70       6.405    
   15.80       6.403    
   15.90       6.376    
   16.00       6.325    
   16.10       6.251    
   16.20       6.156    
   16.30       6.039    
   16.40       5.904    
   16.50       5.752    
   16.60       5.585    
   16.70       5.406    
   16.80       5.216    
   16.90       5.018    
   17.00       4.814    
   17.10       4.607    
   17.20       4.399    
   17.30       4.192    
   17.40       3.989    
   17.50       3.790    
   17.60       3.598    
   17.70       3.415    
   17.80       3.242    
   17.90       3.080    
   18.00       2.931    
   18.10       2.795    
   18.20       2.673    
   18.30       2.564    
   18.40       2.471    
   18.50       2.392    
   18.60       2.327    
   18.70       2.276    
   18.80       2.238    
   18.90       2.213    
   19.00       2.200    
   19.10       2.198    
   19.20       2.206    
   19.30       2.223    
   19.40       2.248    
   19.50       2.279    
   19.60       2.315    
   19.70       2.355    
   19.80       2.397    
   19.90       2.442    
   20.00       2.486    
   20.10       2.530    
   20.20       2.572    
   20.30       2.611    
   20.40       2.646    
   20.50       2.677    
   20.60       2.703    
   20.70       2.724    
   20.80       2.738    
   20.90       2.745    
   21.00       2.746    
   21.10       2.740    
   21.20       2.727    
   21.30       2.707    
   21.40       2.681    
   21.50       2.648    
   21.60       2.609    
   21.70       2.564    
   21.80       2.515    
   21.90       2.460    
   22.00       2.402    
   22.10       2.339    
   22.20       2.274    
   22.30       2.207    
   22.40       2.138    
   22.50       2.068    
   22.60       1.998    
   22.70       1.928    
   22.80       1.858    
   22.90       1.790    
   23.00       1.724    
   23.10       1.660    
   23.20       1.598    
   23.30       1.540    
   23.40       1.485    
   23.50       1.433    
   23.60       1.386    
   23.70       1.342    
   23.80       1.302    
   23.90       1.267    
   24.00       1.235    
   24.10       1.207    
   24.20       1.183    
   24.30       1.162    
   24.40       1.146    
   24.50       1.132    
   24.60       1.121    
   24.70       1.113    
   24.80       1.107    
   24.90       1.104    
   25.00       1.102    
   25.10       1.102    
   25.20       1.103    
   25.30       1.104    
   25.40       1.107    
   25.50       1.109    
   25.60       1.111    
   25.70       1.113    
   25.80       1.115    
   25.90       1.115    
   26.00       1.115    
   26.10       1.114    
   26.20       1.111    
   26.30       1.107    
   26.40       1.101    
   26.50       1.094    
   26.60       1.085    
   26.70       1.075    
   26.80       1.063    
   26.90       1.049    
   27.00       1.034    
   27.10       1.018    
   27.20       1.000    
   27.30      0.9814    
   27.40      0.9615    
   27.50      0.9406    
   27.60      0.9190    
   27.70      0.8968    
   27.80      0.8741    
   27.90      0.8511    
   28.00      0.8279    
   28.10      0.8046    
   28.20      0.7815    
   28.30      0.7587    
   28.40      0.7363    
   28.50      0.7144    
   28.60      0.6931    
   28.70      0.6725    
   28.80      0.6528    
   28.90      0.6339    
   29.00      0.6160    
   29.10      0.5991    
   29.20      0.5832    
   29.30      0.5684    
   29.40      0.5546    
   29.50      0.5419    
   29.60      0.5303    
   29.70      0.5196    
   29.80      0.5100    
   29.90      0.5013    
   30.00      0.4935    
   30.10      0.4865    
   30.20      0.4803    
   30.30      0.4747    
   30.40      0.4698    
   30.50      0.4655    
   30.60      0.4616    
   30.70      0.4580    
   30.80      0.4549    
   30.90      0.4519    
   31.00      0.4491    
   31.10      0.4464    
   31.20      0.4437    
   31.30      0.4410    
   31.40      0.4382    
   31.50      0.4353    
   31.60      0.4321    
   31.70      0.4288    
   31.80      0.4252    
   31.90      0.4213    
   32.00      0.4171    
   32.10      0.4126    
   32.20      0.4078    
   32.30      0.4027    
   32.40      0.3972    
   32.50      0.3915    
   32.60      0.3854    
   32.70      0.3791    
   32.80      0.3725    
   32.90      0.3656    
   33.00      0.3586    
   33.10      0.3514    
   33.20      0.3441    
   33.30      0.3367    
   33.40      0.3292    
   33.50      0.3217    
   33.60      0.3141    
   33.70      0.3066    
   33.80      0.2992    
   33.90      0.2919    
   34.00      0.2847    
   34.10      0.2776    
   34.20      0.2707    
   34.30      0.2640    
   34.40      0.2576    
   34.50      0.2514    
   34.60      0.2454    
   34.70      0.2397    
   34.80      0.2342    
   34.90      0.2290    
   35.00      0.2241    
   35.10      0.2195    
   35.20      0.2151    
   35.30      0.2110    
   35.40      0.2071    
   35.50      0.2035    
   35.60      0.2001    
   35.70      0.1970    
   35.80      0.1940    
   35.90      0.1912    
   36.00      0.1886    
   36.10      0.1862    
   36.20      0.1838    
   36.30      0.1816    
   36.40      0.1795    
   36.50      0.1775    
   36.60      0.1755    
   36.70      0.1736    
   36.80      0.1717    
   36.90      0.1699    
   37.00      0.1680    
   37.10      0.1661    
   37.20      0.1642    
   37.30      0.1623    
   37.40      0.1604    
   37.50      0.1584    
   37.60      0.1563    
   37.70      0.1542    
   37.80      0.1521    
   37.90      0.1499    
   38.00      0.1476    
   38.10      0.1453    
   38.20      0.1429    
   38.30      0.1405    
   38.40      0.1381    
   38.50      0.1356    
   38.60      0.1330    
   38.70      0.1305    
   38.80      0.1279    
   38.90      0.1253    
   39.00      0.1227    
   39.10      0.1201    
   39.20      0.1176    
   39.30      0.1150    
   39.40      0.1125    
   39.50      0.1100    
   39.60      0.1075    
   39.70      0.1051    
   39.80      0.1027    
   39.90      0.1004    
   40.00      0.9816E-01
   40.10      0.9597E-01
   40.20      0.9385E-01
   40.30      0.9180E-01
   40.40      0.8982E-01
   40.50      0.8791E-01
   40.60      0.8608E-01
   40.70      0.8433E-01
   40.80      0.8264E-01
   40.90      0.8103E-01
   41.00      0.7949E-01
   41.10      0.7802E-01
   41.20      0.7662E-01
   41.30      0.7528E-01
   41.40      0.7400E-01
   41.50      0.7278E-01
   41.60      0.7161E-01
   41.70      0.7049E-01
   41.80      0.6942E-01
   41.90      0.6838E-01
   42.00      0.6739E-01
   42.10      0.6642E-01
   42.20      0.6549E-01
   42.30      0.6458E-01
   42.40      0.6369E-01
   42.50      0.6282E-01
   42.60      0.6196E-01
   42.70      0.6112E-01
   42.80      0.6028E-01
   42.90      0.5945E-01
   43.00      0.5862E-01
   43.10      0.5779E-01
   43.20      0.5696E-01
   43.30      0.5612E-01
   43.40      0.5529E-01
   43.50      0.5445E-01
   43.60      0.5360E-01
   43.70      0.5275E-01
   43.80      0.5189E-01
   43.90      0.5103E-01
   44.00      0.5017E-01
   44.10      0.4930E-01
   44.20      0.4842E-01
   44.30      0.4755E-01
   44.40      0.4667E-01
   44.50      0.4580E-01
   44.60      0.4493E-01
   44.70      0.4406E-01
   44.80      0.4319E-01
   44.90      0.4233E-01
   45.00      0.4148E-01
   45.10      0.4064E-01
   45.20      0.3981E-01
   45.30      0.3899E-01
   45.40      0.3819E-01
   45.50      0.3740E-01
   45.60      0.3662E-01
   45.70      0.3586E-01
   45.80      0.3512E-01
   45.90      0.3440E-01
   46.00      0.3369E-01
   46.10      0.3301E-01
   46.20      0.3234E-01
   46.30      0.3170E-01
   46.40      0.3107E-01
   46.50      0.3046E-01
   46.60      0.2988E-01
   46.70      0.2931E-01
   46.80      0.2876E-01
   46.90      0.2823E-01
   47.00      0.2772E-01
   47.10      0.2722E-01
   47.20      0.2674E-01
   47.30      0.2628E-01
   47.40      0.2583E-01
   47.50      0.2540E-01
   47.60      0.2498E-01
   47.70      0.2457E-01
   47.80      0.2417E-01
   47.90      0.2378E-01
   48.00      0.2340E-01
   48.10      0.2303E-01
   48.20      0.2267E-01
   48.30      0.2231E-01
   48.40      0.2196E-01
   48.50      0.2161E-01
   48.60      0.2127E-01
   48.70      0.2094E-01
   48.80      0.2060E-01
   48.90      0.2027E-01
   49.00      0.1994E-01
   49.10      0.1962E-01
   49.20      0.1929E-01
   49.30      0.1897E-01
   49.40      0.1865E-01
   49.50      0.1833E-01
   49.60      0.1801E-01
   49.70      0.1769E-01
   49.80      0.1738E-01
   49.90      0.1706E-01
   50.00      0.1675E-01
   50.10      0.1644E-01
   50.20      0.1613E-01
   50.30      0.1582E-01
   50.40      0.1552E-01
   50.50      0.1521E-01
   50.60      0.1492E-01
   50.70      0.1462E-01
   50.80      0.1433E-01
   50.90      0.1404E-01
   51.00      0.1375E-01
   51.10      0.1347E-01
   51.20      0.1320E-01
   51.30      0.1292E-01
   51.40      0.1266E-01
   51.50      0.1240E-01
   51.60      0.1214E-01
   51.70      0.1189E-01
   51.80      0.1165E-01
   51.90      0.1141E-01
   52.00      0.1118E-01
   52.10      0.1095E-01
   52.20      0.1073E-01
   52.30      0.1052E-01
   52.40      0.1031E-01
   52.50      0.1010E-01
   52.60      0.9906E-02
   52.70      0.9715E-02
   52.80      0.9529E-02
   52.90      0.9348E-02
   53.00      0.9173E-02
   53.10      0.9003E-02
   53.20      0.8837E-02
   53.30      0.8676E-02
   53.40      0.8520E-02
   53.50      0.8368E-02
   53.60      0.8220E-02
   53.70      0.8075E-02
   53.80      0.7934E-02
   53.90      0.7797E-02
   54.00      0.7663E-02
   54.10      0.7531E-02
   54.20      0.7403E-02
   54.30      0.7276E-02
   54.40      0.7153E-02
   54.50      0.7031E-02
   54.60      0.6912E-02
   54.70      0.6794E-02
   54.80      0.6678E-02
   54.90      0.6564E-02
   55.00      0.6451E-02
   55.10      0.6340E-02
   55.20      0.6230E-02
   55.30      0.6121E-02
   55.40      0.6014E-02
   55.50      0.5908E-02
   55.60      0.5803E-02
   55.70      0.5699E-02
   55.80      0.5596E-02
   55.90      0.5494E-02
   56.00      0.5393E-02
   56.10      0.5294E-02
   56.20      0.5195E-02
   56.30      0.5098E-02
   56.40      0.5002E-02
   56.50      0.4907E-02
   56.60      0.4813E-02
   56.70      0.4721E-02
   56.80      0.4630E-02
   56.90      0.4540E-02
   57.00      0.4452E-02
   57.10      0.4365E-02
   57.20      0.4280E-02
   57.30      0.4196E-02
   57.40      0.4114E-02
   57.50      0.4033E-02
   57.60      0.3954E-02
   57.70      0.3876E-02
   57.80      0.3800E-02
   57.90      0.3726E-02
   58.00      0.3653E-02
   58.10      0.3582E-02
   58.20      0.3513E-02
   58.30      0.3445E-02
   58.40      0.3378E-02
   58.50      0.3314E-02
   58.60      0.3250E-02
   58.70      0.3189E-02
   58.80      0.3128E-02
   58.90      0.3070E-02
   59.00      0.3012E-02
   59.10      0.2956E-02
   59.20      0.2901E-02
   59.30      0.2848E-02
   59.40      0.2796E-02
   59.50      0.2745E-02
   59.60      0.2695E-02
   59.70      0.2646E-02
   59.80      0.2598E-02
   59.90      0.2551E-02
   60.00      0.2505E-02
   60.10      0.2460E-02
   60.20      0.2416E-02
   60.30      0.2373E-02
   60.40      0.2330E-02
   60.50      0.2288E-02
   60.60      0.2247E-02
   60.70      0.2206E-02
   60.80      0.2166E-02
   60.90      0.2127E-02
   61.00      0.2088E-02
   61.10      0.2050E-02
   61.20      0.2012E-02
   61.30      0.1975E-02
   61.40      0.1939E-02
   61.50      0.1902E-02
   61.60      0.1867E-02
   61.70      0.1831E-02
   61.80      0.1796E-02
   61.90      0.1762E-02
   62.00      0.1728E-02
   62.10      0.1695E-02
   62.20      0.1662E-02
   62.30      0.1629E-02
   62.40      0.1597E-02
   62.50      0.1565E-02
   62.60      0.1534E-02
   62.70      0.1503E-02
   62.80      0.1473E-02
   62.90      0.1443E-02
   63.00      0.1414E-02
   63.10      0.1385E-02
   63.20      0.1357E-02
   63.30      0.1329E-02
   63.40      0.1302E-02
   63.50      0.1275E-02
   63.60      0.1249E-02
   63.70      0.1223E-02
   63.80      0.1198E-02
   63.90      0.1173E-02
   64.00      0.1149E-02
   64.10      0.1126E-02
   64.20      0.1103E-02
   64.30      0.1080E-02
   64.40      0.1058E-02
   64.50      0.1037E-02
   64.60      0.1016E-02
   64.70      0.9952E-03
   64.80      0.9752E-03
   64.90      0.9557E-03
   65.00      0.9366E-03
   65.10      0.9181E-03
   65.20      0.9000E-03
   65.30      0.8823E-03
   65.40      0.8651E-03
   65.50      0.8483E-03
   65.60      0.8319E-03
   65.70      0.8159E-03
   65.80      0.8003E-03
   65.90      0.7850E-03
   66.00      0.7701E-03
   66.10      0.7556E-03
   66.20      0.7414E-03
   66.30      0.7275E-03
   66.40      0.7140E-03
   66.50      0.7007E-03
   66.60      0.6877E-03
   66.70      0.6750E-03
   66.80      0.6625E-03
   66.90      0.6503E-03
   67.00      0.6384E-03
   67.10      0.6267E-03
   67.20      0.6152E-03
   67.30      0.6039E-03
   67.40      0.5928E-03
   67.50      0.5819E-03
   67.60      0.5712E-03
   67.70      0.5607E-03
   67.80      0.5504E-03
   67.90      0.5403E-03
   68.00      0.5303E-03
   68.10      0.5205E-03
   68.20      0.5108E-03
   68.30      0.5014E-03
   68.40      0.4920E-03
   68.50      0.4828E-03
   68.60      0.4738E-03
   68.70      0.4649E-03
   68.80      0.4562E-03
   68.90      0.4476E-03
   69.00      0.4392E-03
   69.10      0.4308E-03
   69.20      0.4227E-03
   69.30      0.4147E-03
   69.40      0.4068E-03
   69.50      0.3990E-03
   69.60      0.3914E-03
   69.70      0.3839E-03
   69.80      0.3766E-03
   69.90      0.3694E-03
   70.00      0.3623E-03
   70.10      0.3553E-03
   70.20      0.3485E-03
   70.30      0.3418E-03
   70.40      0.3353E-03
   70.50      0.3288E-03
   70.60      0.3225E-03
   70.70      0.3163E-03
   70.80      0.3103E-03
   70.90      0.3043E-03
   71.00      0.2985E-03
   71.10      0.2928E-03
   71.20      0.2872E-03
   71.30      0.2817E-03
   71.40      0.2763E-03
   71.50      0.2710E-03
   71.60      0.2659E-03
   71.70      0.2608E-03
   71.80      0.2558E-03
   71.90      0.2509E-03
   72.00      0.2461E-03
   72.10      0.2415E-03
   72.20      0.2368E-03
   72.30      0.2323E-03
   72.40      0.2279E-03
   72.50      0.2235E-03
   72.60      0.2192E-03
   72.70      0.2150E-03
   72.80      0.2109E-03
   72.90      0.2068E-03
   73.00      0.2028E-03
   73.10      0.1989E-03
   73.20      0.1951E-03
   73.30      0.1913E-03
   73.40      0.1875E-03
   73.50      0.1838E-03
   73.60      0.1802E-03
   73.70      0.1767E-03
   73.80      0.1731E-03
   73.90      0.1697E-03
   74.00      0.1663E-03
   74.10      0.1630E-03
   74.20      0.1597E-03
   74.30      0.1564E-03
   74.40      0.1532E-03
   74.50      0.1501E-03
   74.60      0.1470E-03
   74.70      0.1439E-03
   74.80      0.1410E-03
   74.90      0.1380E-03
   75.00      0.1351E-03
   75.10      0.1323E-03
   75.20      0.1295E-03
   75.30      0.1267E-03
   75.40      0.1240E-03
   75.50      0.1214E-03
   75.60      0.1188E-03
   75.70      0.1162E-03
   75.80      0.1137E-03
   75.90      0.1113E-03
   76.00      0.1089E-03
   76.10      0.1065E-03
   76.20      0.1042E-03
   76.30      0.1020E-03
   76.40      0.9976E-04
   76.50      0.9761E-04
   76.60      0.9550E-04
   76.70      0.9345E-04
   76.80      0.9144E-04
   76.90      0.8948E-04
   77.00      0.8757E-04
   77.10      0.8570E-04
   77.20      0.8389E-04
   77.30      0.8212E-04
   77.40      0.8039E-04
   77.50      0.7871E-04
   77.60      0.7708E-04
   77.70      0.7548E-04
   77.80      0.7393E-04
   77.90      0.7243E-04
   78.00      0.7096E-04
   78.10      0.6953E-04
   78.20      0.6815E-04
   78.30      0.6680E-04
   78.40      0.6548E-04
   78.50      0.6420E-04
   78.60      0.6296E-04
   78.70      0.6175E-04
   78.80      0.6057E-04
   78.90      0.5943E-04
   79.00      0.5831E-04
   79.10      0.5723E-04
   79.20      0.5617E-04
   79.30      0.5513E-04
   79.40      0.5413E-04
   79.50      0.5315E-04
   79.60      0.5219E-04
   79.70      0.5125E-04
   79.80      0.5034E-04
   79.90      0.4944E-04
   80.00      0.4857E-04
   80.10      0.4771E-04
   80.20      0.4687E-04
   80.30      0.4605E-04
   80.40      0.4525E-04
   80.50      0.4446E-04
   80.60      0.4368E-04
   80.70      0.4292E-04
   80.80      0.4217E-04
   80.90      0.4144E-04
   81.00      0.4071E-04
   81.10      0.4000E-04
   81.20      0.3930E-04
   81.30      0.3861E-04
   81.40      0.3793E-04
   81.50      0.3727E-04
   81.60      0.3661E-04
   81.70      0.3596E-04
   81.80      0.3532E-04
   81.90      0.3468E-04
   82.00      0.3406E-04
   82.10      0.3345E-04
   82.20      0.3284E-04
   82.30      0.3224E-04
   82.40      0.3165E-04
   82.50      0.3107E-04
   82.60      0.3049E-04
   82.70      0.2993E-04
   82.80      0.2937E-04
   82.90      0.2881E-04
   83.00      0.2827E-04
   83.10      0.2773E-04
   83.20      0.2720E-04
   83.30      0.2668E-04
   83.40      0.2617E-04
   83.50      0.2566E-04
   83.60      0.2516E-04
   83.70      0.2467E-04
   83.80      0.2418E-04
   83.90      0.2371E-04
   84.00      0.2323E-04
   84.10      0.2277E-04
   84.20      0.2231E-04
   84.30      0.2186E-04
   84.40      0.2142E-04
   84.50      0.2099E-04
   84.60      0.2056E-04
   84.70      0.2013E-04
   84.80      0.1972E-04
   84.90      0.1931E-04
   85.00      0.1891E-04
   85.10      0.1851E-04
   85.20      0.1812E-04
   85.30      0.1774E-04
   85.40      0.1736E-04
   85.50      0.1699E-04
   85.60      0.1663E-04
   85.70      0.1627E-04
   85.80      0.1592E-04
   85.90      0.1557E-04
   86.00      0.1523E-04
   86.10      0.1489E-04
   86.20      0.1457E-04
   86.30      0.1424E-04
   86.40      0.1392E-04
   86.50      0.1361E-04
   86.60      0.1330E-04
   86.70      0.1300E-04
   86.80      0.1271E-04
   86.90      0.1242E-04
   87.00      0.1213E-04
   87.10      0.1185E-04
   87.20      0.1158E-04
   87.30      0.1131E-04
   87.40      0.1104E-04
   87.50      0.1078E-04
   87.60      0.1053E-04
   87.70      0.1028E-04
   87.80      0.1004E-04
   87.90      0.9801E-05
   88.00      0.9569E-05
   88.10      0.9342E-05
   88.20      0.9120E-05
   88.30      0.8904E-05
   88.40      0.8693E-05
   88.50      0.8487E-05
   88.60      0.8286E-05
   88.70      0.8091E-05
   88.80      0.7900E-05
   88.90      0.7715E-05
   89.00      0.7536E-05
   89.10      0.7361E-05
   89.20      0.7192E-05
   89.30      0.7027E-05
   89.40      0.6868E-05
   89.50      0.6714E-05
   89.60      0.6565E-05
   89.70      0.6420E-05
   89.80      0.6281E-05
   89.90      0.6146E-05
   90.00      0.6016E-05
   90.10      0.5890E-05
   90.20      0.5770E-05
   90.30      0.5653E-05
   90.40      0.5541E-05
   90.50      0.5433E-05
   90.60      0.5328E-05
   90.70      0.5228E-05
   90.80      0.5132E-05
   90.90      0.5039E-05
   91.00      0.4950E-05
   91.10      0.4865E-05
   91.20      0.4782E-05
   91.30      0.4703E-05
   91.40      0.4626E-05
   91.50      0.4553E-05
   91.60      0.4482E-05
   91.70      0.4413E-05
   91.80      0.4347E-05
   91.90      0.4283E-05
   92.00      0.4221E-05
   92.10      0.4161E-05
   92.20      0.4103E-05
   92.30      0.4046E-05
   92.40      0.3991E-05
   92.50      0.3937E-05
   92.60      0.3884E-05
   92.70      0.3833E-05
   92.80      0.3782E-05
   92.90      0.3732E-05
   93.00      0.3683E-05
   93.10      0.3635E-05
   93.20      0.3587E-05
   93.30      0.3539E-05
   93.40      0.3492E-05
   93.50      0.3445E-05
   93.60      0.3398E-05
   93.70      0.3351E-05
   93.80      0.3304E-05
   93.90      0.3258E-05
   94.00      0.3211E-05
   94.10      0.3164E-05
   94.20      0.3117E-05
   94.30      0.3070E-05
   94.40      0.3022E-05
   94.50      0.2975E-05
   94.60      0.2927E-05
   94.70      0.2879E-05
   94.80      0.2831E-05
   94.90      0.2783E-05
   95.00      0.2734E-05
   95.10      0.2686E-05
   95.20      0.2637E-05
   95.30      0.2588E-05
   95.40      0.2539E-05
   95.50      0.2490E-05
   95.60      0.2441E-05
   95.70      0.2392E-05
   95.80      0.2343E-05
   95.90      0.2294E-05
   96.00      0.2245E-05
   96.10      0.2197E-05
   96.20      0.2148E-05
   96.30      0.2100E-05
   96.40      0.2052E-05
   96.50      0.2005E-05
   96.60      0.1958E-05
   96.70      0.1911E-05
   96.80      0.1864E-05
   96.90      0.1819E-05
   97.00      0.1773E-05
   97.10      0.1728E-05
   97.20      0.1684E-05
   97.30      0.1641E-05
   97.40      0.1598E-05
   97.50      0.1556E-05
   97.60      0.1514E-05
   97.70      0.1473E-05
   97.80      0.1433E-05
   97.90      0.1394E-05
   98.00      0.1355E-05
   98.10      0.1318E-05
   98.20      0.1281E-05
   98.30      0.1245E-05
   98.40      0.1210E-05
   98.50      0.1175E-05
   98.60      0.1142E-05
   98.70      0.1109E-05
   98.80      0.1077E-05
   98.90      0.1047E-05
   99.00      0.1016E-05
   99.10      0.9874E-06
   99.20      0.9591E-06
   99.30      0.9316E-06
   99.40      0.9051E-06
   99.50      0.8794E-06
   99.60      0.8545E-06
   99.70      0.8304E-06
   99.80      0.8072E-06
   99.90      0.7848E-06
   100.0      0.7632E-06
   100.1      0.7424E-06
   100.2      0.7224E-06
   100.3      0.7031E-06
   100.4      0.6846E-06
   100.5      0.6669E-06
   100.6      0.6499E-06
   100.7      0.6336E-06
   100.8      0.6180E-06
   100.9      0.6030E-06
   101.0      0.5888E-06
   101.1      0.5752E-06
   101.2      0.5623E-06
   101.3      0.5500E-06
   101.4      0.5383E-06
   101.5      0.5272E-06
   101.6      0.5167E-06
   101.7      0.5067E-06
   101.8      0.4973E-06
   101.9      0.4884E-06
   102.0      0.4801E-06
   102.1      0.4722E-06
   102.2      0.4648E-06
   102.3      0.4579E-06
   102.4      0.4514E-06
   102.5      0.4454E-06
   102.6      0.4398E-06
   102.7      0.4345E-06
   102.8      0.4296E-06
   102.9      0.4251E-06
   103.0      0.4209E-06
   103.1      0.4170E-06
   103.2      0.4134E-06
   103.3      0.4101E-06
   103.4      0.4071E-06
   103.5      0.4042E-06
   103.6      0.4016E-06
   103.7      0.3992E-06
   103.8      0.3969E-06
   103.9      0.3949E-06
   104.0      0.3929E-06
   104.1      0.3911E-06
   104.2      0.3893E-06
   104.3      0.3876E-06
   104.4      0.3860E-06
   104.5      0.3844E-06
   104.6      0.3829E-06
   104.7      0.3813E-06
   104.8      0.3798E-06
   104.9      0.3782E-06
   105.0      0.3765E-06
   105.1      0.3748E-06
   105.2      0.3731E-06
   105.3      0.3712E-06
   105.4      0.3692E-06
   105.5      0.3672E-06
   105.6      0.3650E-06
   105.7      0.3626E-06
   105.8      0.3601E-06
   105.9      0.3575E-06
   106.0      0.3547E-06
   106.1      0.3517E-06
   106.2      0.3486E-06
   106.3      0.3453E-06
   106.4      0.3418E-06
   106.5      0.3381E-06
   106.6      0.3343E-06
   106.7      0.3302E-06
   106.8      0.3260E-06
   106.9      0.3216E-06
   107.0      0.3171E-06
   107.1      0.3123E-06
   107.2      0.3074E-06
   107.3      0.3024E-06
   107.4      0.2972E-06
   107.5      0.2918E-06
   107.6      0.2863E-06
   107.7      0.2807E-06
   107.8      0.2750E-06
   107.9      0.2691E-06
   108.0      0.2632E-06
   108.1      0.2571E-06
   108.2      0.2510E-06
   108.3      0.2448E-06
   108.4      0.2386E-06
   108.5      0.2324E-06
   108.6      0.2261E-06
   108.7      0.2198E-06
   108.8      0.2135E-06
   108.9      0.2072E-06
   109.0      0.2009E-06
   109.1      0.1947E-06
   109.2      0.1886E-06
   109.3      0.1824E-06
   109.4      0.1764E-06
   109.5      0.1705E-06
   109.6      0.1646E-06
   109.7      0.1589E-06
   109.8      0.1533E-06
   109.9      0.1478E-06
   110.0      0.1425E-06
   110.1      0.1373E-06
   110.2      0.1322E-06
   110.3      0.1273E-06
   110.4      0.1226E-06
   110.5      0.1181E-06
   110.6      0.1137E-06
   110.7      0.1095E-06
   110.8      0.1055E-06
   110.9      0.1017E-06
   111.0      0.9809E-07
   111.1      0.9467E-07
   111.2      0.9144E-07
   111.3      0.8841E-07
   111.4      0.8557E-07
   111.5      0.8293E-07
   111.6      0.8048E-07
   111.7      0.7822E-07
   111.8      0.7615E-07
   111.9      0.7426E-07
   112.0      0.7255E-07
   112.1      0.7101E-07
   112.2      0.6965E-07
   112.3      0.6845E-07
   112.4      0.6741E-07
   112.5      0.6653E-07
   112.6      0.6579E-07
   112.7      0.6520E-07
   112.8      0.6474E-07
   112.9      0.6441E-07
   113.0      0.6419E-07
   113.1      0.6409E-07
   113.2      0.6410E-07
   113.3      0.6420E-07
   113.4      0.6440E-07
   113.5      0.6467E-07
   113.6      0.6503E-07
   113.7      0.6545E-07
   113.8      0.6593E-07
   113.9      0.6646E-07
   114.0      0.6704E-07
   114.1      0.6766E-07
   114.2      0.6831E-07
   114.3      0.6899E-07
   114.4      0.6969E-07
   114.5      0.7040E-07
   114.6      0.7112E-07
   114.7      0.7183E-07
   114.8      0.7255E-07
   114.9      0.7325E-07
   115.0      0.7395E-07
   115.1      0.7462E-07
   115.2      0.7527E-07
   115.3      0.7589E-07
   115.4      0.7648E-07
   115.5      0.7704E-07
   115.6      0.7756E-07
   115.7      0.7804E-07
   115.8      0.7848E-07
   115.9      0.7888E-07
   116.0      0.7922E-07
   116.1      0.7952E-07
   116.2      0.7977E-07
   116.3      0.7997E-07
   116.4      0.8011E-07
   116.5      0.8021E-07
   116.6      0.8025E-07
   116.7      0.8023E-07
   116.8      0.8016E-07
   116.9      0.8004E-07
   117.0      0.7987E-07
   117.1      0.7964E-07
   117.2      0.7936E-07
   117.3      0.7903E-07
   117.4      0.7865E-07
   117.5      0.7822E-07
   117.6      0.7775E-07
   117.7      0.7723E-07
   117.8      0.7666E-07
   117.9      0.7605E-07
   118.0      0.7540E-07
   118.1      0.7470E-07
   118.2      0.7397E-07
   118.3      0.7321E-07
   118.4      0.7241E-07
   118.5      0.7158E-07
   118.6      0.7071E-07
   118.7      0.6982E-07
   118.8      0.6891E-07
   118.9      0.6797E-07
   119.0      0.6701E-07
   119.1      0.6603E-07
   119.2      0.6503E-07
   119.3      0.6402E-07
   119.4      0.6299E-07
   119.5      0.6195E-07
   119.6      0.6091E-07
   119.7      0.5986E-07
   119.8      0.5880E-07
   119.9      0.5774E-07
   120.0      0.5668E-07
   120.1      0.5563E-07
   120.2      0.5457E-07
   120.3      0.5353E-07
   120.4      0.5249E-07
   120.5      0.5146E-07
   120.6      0.5044E-07
   120.7      0.4944E-07
   120.8      0.4845E-07
   120.9      0.4748E-07
   121.0      0.4652E-07
   121.1      0.4559E-07
   121.2      0.4468E-07
   121.3      0.4379E-07
   121.4      0.4293E-07
   121.5      0.4209E-07
   121.6      0.4128E-07
   121.7      0.4050E-07
   121.8      0.3975E-07
   121.9      0.3903E-07
   122.0      0.3834E-07
   122.1      0.3769E-07
   122.2      0.3706E-07
   122.3      0.3648E-07
   122.4      0.3592E-07
   122.5      0.3540E-07
   122.6      0.3492E-07
   122.7      0.3447E-07
   122.8      0.3406E-07
   122.9      0.3369E-07
   123.0      0.3335E-07
   123.1      0.3305E-07
   123.2      0.3279E-07
   123.3      0.3256E-07
   123.4      0.3237E-07
   123.5      0.3221E-07
   123.6      0.3209E-07
   123.7      0.3200E-07
   123.8      0.3195E-07
   123.9      0.3193E-07
   124.0      0.3195E-07
   124.1      0.3199E-07
   124.2      0.3206E-07
   124.3      0.3217E-07
   124.4      0.3230E-07
   124.5      0.3246E-07
   124.6      0.3264E-07
   124.7      0.3285E-07
   124.8      0.3309E-07
   124.9      0.3334E-07
   125.0      0.3361E-07
   125.1      0.3391E-07
   125.2      0.3422E-07
   125.3      0.3454E-07
   125.4      0.3488E-07
   125.5      0.3523E-07
   125.6      0.3559E-07
   125.7      0.3596E-07
   125.8      0.3634E-07
   125.9      0.3672E-07
   126.0      0.3711E-07
   126.1      0.3749E-07
   126.2      0.3788E-07
   126.3      0.3827E-07
   126.4      0.3865E-07
   126.5      0.3903E-07
   126.6      0.3941E-07
   126.7      0.3978E-07
   126.8      0.4014E-07
   126.9      0.4049E-07
   127.0      0.4082E-07
   127.1      0.4115E-07
   127.2      0.4146E-07
   127.3      0.4176E-07
   127.4      0.4204E-07
   127.5      0.4231E-07
   127.6      0.4255E-07
   127.7      0.4278E-07
   127.8      0.4299E-07
   127.9      0.4319E-07
   128.0      0.4336E-07
   128.1      0.4351E-07
   128.2      0.4364E-07
   128.3      0.4374E-07
   128.4      0.4383E-07
   128.5      0.4390E-07
   128.6      0.4394E-07
   128.7      0.4396E-07
   128.8      0.4396E-07
   128.9      0.4395E-07
   129.0      0.4390E-07
   129.1      0.4384E-07
   129.2      0.4376E-07
   129.3      0.4366E-07
   129.4      0.4355E-07
   129.5      0.4341E-07
   129.6      0.4325E-07
   129.7      0.4308E-07
   129.8      0.4290E-07
   129.9      0.4269E-07
   130.0      0.4248E-07
   130.1      0.4225E-07
   130.2      0.4201E-07
   130.3      0.4175E-07
   130.4      0.4149E-07
   130.5      0.4122E-07
   130.6      0.4094E-07
   130.7      0.4065E-07
   130.8      0.4036E-07
   130.9      0.4006E-07
   131.0      0.3976E-07
   131.1      0.3946E-07
   131.2      0.3915E-07
   131.3      0.3884E-07
   131.4      0.3854E-07
   131.5      0.3823E-07
   131.6      0.3793E-07
   131.7      0.3763E-07
   131.8      0.3733E-07
   131.9      0.3704E-07
   132.0      0.3676E-07
   132.1      0.3648E-07
   132.2      0.3621E-07
   132.3      0.3595E-07
   132.4      0.3570E-07
   132.5      0.3546E-07
   132.6      0.3522E-07
   132.7      0.3500E-07
   132.8      0.3479E-07
   132.9      0.3459E-07
   133.0      0.3440E-07
   133.1      0.3423E-07
   133.2      0.3406E-07
   133.3      0.3391E-07
   133.4      0.3377E-07
   133.5      0.3365E-07
   133.6      0.3354E-07
   133.7      0.3344E-07
   133.8      0.3335E-07
   133.9      0.3328E-07
   134.0      0.3322E-07
   134.1      0.3317E-07
   134.2      0.3313E-07
   134.3      0.3311E-07
   134.4      0.3309E-07
   134.5      0.3309E-07
   134.6      0.3310E-07
   134.7      0.3312E-07
   134.8      0.3315E-07
   134.9      0.3319E-07
   135.0      0.3324E-07
   135.1      0.3329E-07
   135.2      0.3336E-07
   135.3      0.3343E-07
   135.4      0.3351E-07
   135.5      0.3360E-07
   135.6      0.3369E-07
   135.7      0.3378E-07
   135.8      0.3388E-07
   135.9      0.3399E-07
   136.0      0.3410E-07
   136.1      0.3421E-07
   136.2      0.3432E-07
   136.3      0.3444E-07
   136.4      0.3456E-07
   136.5      0.3467E-07
   136.6      0.3479E-07
   136.7      0.3491E-07
   136.8      0.3502E-07
   136.9      0.3514E-07
   137.0      0.3525E-07
   137.1      0.3536E-07
   137.2      0.3546E-07
   137.3      0.3557E-07
   137.4      0.3566E-07
   137.5      0.3576E-07
   137.6      0.3585E-07
   137.7      0.3594E-07
   137.8      0.3602E-07
   137.9      0.3609E-07
   138.0      0.3616E-07
   138.1      0.3623E-07
   138.2      0.3629E-07
   138.3      0.3634E-07
   138.4      0.3638E-07
   138.5      0.3642E-07
   138.6      0.3646E-07
   138.7      0.3648E-07
   138.8      0.3650E-07
   138.9      0.3652E-07
   139.0      0.3653E-07
   139.1      0.3653E-07
   139.2      0.3652E-07
   139.3      0.3651E-07
   139.4      0.3649E-07
   139.5      0.3647E-07
   139.6      0.3644E-07
   139.7      0.3640E-07
   139.8      0.3636E-07
   139.9      0.3632E-07
   140.0      0.3626E-07
   140.1      0.3621E-07
   140.2      0.3615E-07
   140.3      0.3608E-07
   140.4      0.3601E-07
   140.5      0.3594E-07
   140.6      0.3586E-07
   140.7      0.3578E-07
   140.8      0.3569E-07
   140.9      0.3561E-07
   141.0      0.3552E-07
   141.1      0.3542E-07
   141.2      0.3533E-07
   141.3      0.3523E-07
   141.4      0.3514E-07
   141.5      0.3504E-07
   141.6      0.3494E-07
   141.7      0.3484E-07
   141.8      0.3474E-07
   141.9      0.3464E-07
   142.0      0.3454E-07
   142.1      0.3444E-07
   142.2      0.3434E-07
   142.3      0.3424E-07
   142.4      0.3414E-07
   142.5      0.3405E-07
   142.6      0.3395E-07
   142.7      0.3386E-07
   142.8      0.3377E-07
   142.9      0.3368E-07
   143.0      0.3360E-07
   143.1      0.3351E-07
   143.2      0.3343E-07
   143.3      0.3335E-07
   143.4      0.3328E-07
   143.5      0.3320E-07
   143.6      0.3314E-07
   143.7      0.3307E-07
   143.8      0.3301E-07
   143.9      0.3295E-07
   144.0      0.3289E-07
   144.1      0.3284E-07
   144.2      0.3279E-07
   144.3      0.3274E-07
   144.4      0.3270E-07
   144.5      0.3266E-07
   144.6      0.3263E-07
   144.7      0.3260E-07
   144.8      0.3257E-07
   144.9      0.3254E-07
   145.0      0.3252E-07
   145.1      0.3250E-07
   145.2      0.3249E-07
   145.3      0.3248E-07
   145.4      0.3247E-07
   145.5      0.3246E-07
   145.6      0.3246E-07
   145.7      0.3246E-07
   145.8      0.3246E-07
   145.9      0.3247E-07
   146.0      0.3248E-07
   146.1      0.3249E-07
   146.2      0.3250E-07
   146.3      0.3251E-07
   146.4      0.3253E-07
   146.5      0.3255E-07
   146.6      0.3257E-07
   146.7      0.3259E-07
   146.8      0.3262E-07
   146.9      0.3264E-07
   147.0      0.3267E-07
   147.1      0.3269E-07
   147.2      0.3272E-07
   147.3      0.3275E-07
   147.4      0.3278E-07
   147.5      0.3281E-07
   147.6      0.3284E-07
   147.7      0.3287E-07
   147.8      0.3290E-07
   147.9      0.3293E-07
   148.0      0.3296E-07
   148.1      0.3299E-07
   148.2      0.3302E-07
   148.3      0.3305E-07
   148.4      0.3308E-07
   148.5      0.3311E-07
   148.6      0.3313E-07
   148.7      0.3316E-07
   148.8      0.3319E-07
   148.9      0.3321E-07
   149.0      0.3323E-07
   149.1      0.3325E-07
   149.2      0.3328E-07
   149.3      0.3329E-07
   149.4      0.3331E-07
   149.5      0.3333E-07
   149.6      0.3334E-07
   149.7      0.3336E-07
   149.8      0.3337E-07
   149.9      0.3338E-07
   150.0      0.3339E-07
   150.1      0.3340E-07
   150.2      0.3340E-07
   150.3      0.3341E-07
   150.4      0.3341E-07
   150.5      0.3341E-07
   150.6      0.3341E-07
   150.7      0.3341E-07
   150.8      0.3340E-07
   150.9      0.3340E-07
   151.0      0.3339E-07
   151.1      0.3338E-07
   151.2      0.3337E-07
   151.3      0.3336E-07
   151.4      0.3335E-07
   151.5      0.3334E-07
   151.6      0.3332E-07
   151.7      0.3331E-07
   151.8      0.3329E-07
   151.9      0.3327E-07
   152.0      0.3325E-07
   152.1      0.3323E-07
   152.2      0.3321E-07
   152.3      0.3319E-07
   152.4      0.3317E-07
   152.5      0.3315E-07
   152.6      0.3313E-07
   152.7      0.3310E-07
   152.8      0.3308E-07
   152.9      0.3306E-07
   153.0      0.3303E-07
   153.1      0.3301E-07
   153.2      0.3298E-07
   153.3      0.3296E-07
   153.4      0.3294E-07
   153.5      0.3291E-07
   153.6      0.3289E-07
   153.7      0.3287E-07
   153.8      0.3284E-07
   153.9      0.3282E-07
   154.0      0.3280E-07
   154.1      0.3278E-07
   154.2      0.3276E-07
   154.3      0.3274E-07
   154.4      0.3272E-07
   154.5      0.3270E-07
   154.6      0.3269E-07
   154.7      0.3267E-07
   154.8      0.3266E-07
   154.9      0.3264E-07
   155.0      0.3263E-07
   155.1      0.3262E-07
   155.2      0.3261E-07
   155.3      0.3260E-07
   155.4      0.3259E-07
   155.5      0.3258E-07
   155.6      0.3258E-07
   155.7      0.3257E-07
   155.8      0.3257E-07
   155.9      0.3257E-07
   156.0      0.3257E-07
   156.1      0.3257E-07
   156.2      0.3257E-07
   156.3      0.3257E-07
   156.4      0.3258E-07
   156.5      0.3258E-07
   156.6      0.3259E-07
   156.7      0.3260E-07
   156.8      0.3260E-07
   156.9      0.3261E-07
   157.0      0.3262E-07
   157.1      0.3263E-07
   157.2      0.3265E-07
   157.3      0.3266E-07
   157.4      0.3267E-07
   157.5      0.3269E-07
   157.6      0.3270E-07
   157.7      0.3272E-07
   157.8      0.3274E-07
   157.9      0.3275E-07
   158.0      0.3277E-07
   158.1      0.3279E-07
   158.2      0.3281E-07
   158.3      0.3283E-07
   158.4      0.3285E-07
   158.5      0.3287E-07
   158.6      0.3289E-07
   158.7      0.3291E-07
   158.8      0.3292E-07
   158.9      0.3294E-07
   159.0      0.3296E-07
   159.1      0.3298E-07
   159.2      0.3300E-07
   159.3      0.3302E-07
   159.4      0.3304E-07
   159.5      0.3306E-07
   159.6      0.3308E-07
   159.7      0.3310E-07
   159.8      0.3311E-07
   159.9      0.3313E-07
   160.0      0.3315E-07
   160.1      0.3316E-07
   160.2      0.3318E-07
   160.3      0.3319E-07
   160.4      0.3321E-07
   160.5      0.3322E-07
   160.6      0.3323E-07
   160.7      0.3325E-07
   160.8      0.3326E-07
   160.9      0.3327E-07
   161.0      0.3328E-07
   161.1      0.3329E-07
   161.2      0.3330E-07
   161.3      0.3330E-07
   161.4      0.3331E-07
   161.5      0.3332E-07
   161.6      0.3332E-07
   161.7      0.3333E-07
   161.8      0.3333E-07
   161.9      0.3333E-07
   162.0      0.3333E-07
   162.1      0.3334E-07
   162.2      0.3334E-07
   162.3      0.3334E-07
   162.4      0.3334E-07
   162.5      0.3333E-07
   162.6      0.3333E-07
   162.7      0.3333E-07
   162.8      0.3333E-07
   162.9      0.3332E-07
   163.0      0.3332E-07
   163.1      0.3331E-07
   163.2      0.3331E-07
   163.3      0.3330E-07
   163.4      0.3330E-07
   163.5      0.3329E-07
   163.6      0.3328E-07
   163.7      0.3328E-07
   163.8      0.3327E-07
   163.9      0.3326E-07
   164.0      0.3326E-07
   164.1      0.3325E-07
   164.2      0.3324E-07
   164.3      0.3323E-07
   164.4      0.3323E-07
   164.5      0.3322E-07
   164.6      0.3321E-07
   164.7      0.3320E-07
   164.8      0.3319E-07
   164.9      0.3319E-07
   165.0      0.3318E-07
   165.1      0.3317E-07
   165.2      0.3317E-07
   165.3      0.3316E-07
   165.4      0.3315E-07
   165.5      0.3315E-07
   165.6      0.3314E-07
   165.7      0.3314E-07
   165.8      0.3313E-07
   165.9      0.3313E-07
   166.0      0.3313E-07
   166.1      0.3312E-07
   166.2      0.3312E-07
   166.3      0.3312E-07
   166.4      0.3312E-07
   166.5      0.3311E-07
   166.6      0.3311E-07
   166.7      0.3311E-07
   166.8      0.3311E-07
   166.9      0.3311E-07
   167.0      0.3311E-07
   167.1      0.3312E-07
   167.2      0.3312E-07
   167.3      0.3312E-07
   167.4      0.3312E-07
   167.5      0.3313E-07
   167.6      0.3313E-07
   167.7      0.3314E-07
   167.8      0.3314E-07
   167.9      0.3315E-07
   168.0      0.3315E-07
   168.1      0.3316E-07
   168.2      0.3317E-07
   168.3      0.3317E-07
   168.4      0.3318E-07
   168.5      0.3319E-07
   168.6      0.3320E-07
   168.7      0.3320E-07
   168.8      0.3321E-07
   168.9      0.3322E-07
   169.0      0.3323E-07
   169.1      0.3324E-07
   169.2      0.3325E-07
   169.3      0.3326E-07
   169.4      0.3327E-07
   169.5      0.3328E-07
   169.6      0.3329E-07
   169.7      0.3330E-07
   169.8      0.3331E-07
   169.9      0.3332E-07
   170.0      0.3333E-07
   170.1      0.3334E-07
   170.2      0.3335E-07
   170.3      0.3336E-07
   170.4      0.3337E-07
   170.5      0.3338E-07
   170.6      0.3339E-07
   170.7      0.3339E-07
   170.8      0.3340E-07
   170.9      0.3341E-07
   171.0      0.3342E-07
   171.1      0.3343E-07
   171.2      0.3344E-07
   171.3      0.3344E-07
   171.4      0.3345E-07
   171.5      0.3346E-07
   171.6      0.3346E-07
   171.7      0.3347E-07
   171.8      0.3348E-07
   171.9      0.3348E-07
   172.0      0.3349E-07
   172.1      0.3349E-07
   172.2      0.3349E-07
   172.3      0.3350E-07
   172.4      0.3350E-07
   172.5      0.3350E-07
   172.6      0.3351E-07
   172.7      0.3351E-07
   172.8      0.3351E-07
   172.9      0.3351E-07
   173.0      0.3351E-07
   173.1      0.3351E-07
   173.2      0.3351E-07
   173.3      0.3351E-07
   173.4      0.3351E-07
   173.5      0.3351E-07
   173.6      0.3351E-07
   173.7      0.3351E-07
   173.8      0.3351E-07
   173.9      0.3350E-07
   174.0      0.3350E-07
   174.1      0.3350E-07
   174.2      0.3349E-07
   174.3      0.3349E-07
   174.4      0.3348E-07
   174.5      0.3348E-07
   174.6      0.3347E-07
   174.7      0.3347E-07
   174.8      0.3346E-07
   174.9      0.3346E-07
   175.0      0.3345E-07
   175.1      0.3344E-07
   175.2      0.3344E-07
   175.3      0.3343E-07
   175.4      0.3342E-07
   175.5      0.3342E-07
   175.6      0.3341E-07
   175.7      0.3340E-07
   175.8      0.3339E-07
   175.9      0.3339E-07
   176.0      0.3338E-07
   176.1      0.3337E-07
   176.2      0.3336E-07
   176.3      0.3336E-07
   176.4      0.3335E-07
   176.5      0.3334E-07
   176.6      0.3333E-07
   176.7      0.3333E-07
   176.8      0.3332E-07
   176.9      0.3331E-07
   177.0      0.3330E-07
   177.1      0.3330E-07
   177.2      0.3329E-07
   177.3      0.3328E-07
   177.4      0.3328E-07
   177.5      0.3327E-07
   177.6      0.3326E-07
   177.7      0.3326E-07
   177.8      0.3325E-07
   177.9      0.3325E-07
   178.0      0.3324E-07
   178.1      0.3323E-07
   178.2      0.3323E-07
   178.3      0.3322E-07
   178.4      0.3322E-07
   178.5      0.3321E-07
   178.6      0.3321E-07
   178.7      0.3320E-07
   178.8      0.3320E-07
   178.9      0.3320E-07
   179.0      0.3319E-07
   179.1      0.3319E-07
   179.2      0.3319E-07
   179.3      0.3319E-07
   179.4      0.3318E-07
   179.5      0.3318E-07
   179.6      0.3318E-07
   179.7      0.3318E-07
   179.8      0.3318E-07
   179.9      0.3318E-07
   180.0      0.3318E-07