#  Theta       sigma       iT11        T20         T21         T22         Kyy for projectile
   0.000       22.60    
  0.1000       22.54    
  0.2000       22.39    
  0.3000       22.13    
  0.4000       21.77    
  0.5000       21.33    
  0.6000       20.80    
  0.7000       20.21    
  0.8000       19.55    
  0.9000       18.85    
   1.000       18.12    
   1.100       17.37    
   1.200       16.62    
   1.300       15.88    
   1.400       15.17    
   1.500       14.51    
   1.600       13.91    
   1.700       13.38    
   1.800       12.94    
   1.900       12.60    
   2.000       12.37    
   2.100       12.25    
   2.200       12.25    
   2.300       12.38    
   2.400       12.64    
   2.500       13.02    
   2.600       13.53    
   2.700       14.16    
   2.800       14.90    
   2.900       15.74    
   3.000       16.67    
   3.100       17.67    
   3.200       18.74    
   3.300       19.86    
   3.400       21.00    
   3.500       22.15    
   3.600       23.29    
   3.700       24.41    
   3.800       25.48    
   3.900       26.49    
   4.000       27.42    
   4.100       28.25    
   4.200       28.98    
   4.300       29.58    
   4.400       30.04    
   4.500       30.37    
   4.600       30.54    
   4.700       30.57    
   4.800       30.44    
   4.900       30.15    
   5.000       29.71    
   5.100       29.12    
   5.200       28.40    
   5.300       27.53    
   5.400       26.55    
   5.500       25.45    
   5.600       24.26    
   5.700       22.98    
   5.800       21.64    
   5.900       20.24    
   6.000       18.80    
   6.100       17.34    
   6.200       15.88    
   6.300       14.42    
   6.400       12.99    
   6.500       11.60    
   6.600       10.26    
   6.700       8.988    
   6.800       7.790    
   6.900       6.678    
   7.000       5.660    
   7.100       4.744    
   7.200       3.933    
   7.300       3.232    
   7.400       2.643    
   7.500       2.167    
   7.600       1.802    
   7.700       1.547    
   7.800       1.398    
   7.900       1.349    
   8.000       1.395    
   8.100       1.529    
   8.200       1.741    
   8.300       2.025    
   8.400       2.369    
   8.500       2.764    
   8.600       3.199    
   8.700       3.665    
   8.800       4.151    
   8.900       4.646    
   9.000       5.140    
   9.100       5.625    
   9.200       6.091    
   9.300       6.530    
   9.400       6.935    
   9.500       7.299    
   9.600       7.616    
   9.700       7.881    
   9.800       8.093    
   9.900       8.246    
   10.00       8.341    
   10.10       8.377    
   10.20       8.355    
   10.30       8.275    
   10.40       8.140    
   10.50       7.954    
   10.60       7.720    
   10.70       7.443    
   10.80       7.127    
   10.90       6.779    
   11.00       6.403    
   11.10       6.007    
   11.20       5.595    
   11.30       5.174    
   11.40       4.749    
   11.50       4.327    
   11.60       3.913    
   11.70       3.512    
   11.80       3.129    
   11.90       2.767    
   12.00       2.430    
   12.10       2.123    
   12.20       1.846    
   12.30       1.603    
   12.40       1.395    
   12.50       1.222    
   12.60       1.085    
   12.70      0.9837    
   12.80      0.9174    
   12.90      0.8847    
   13.00      0.8842    
   13.10      0.9136    
   13.20      0.9706    
   13.30       1.053    
   13.40       1.156    
   13.50       1.279    
   13.60       1.417    
   13.70       1.568    
   13.80       1.727    
   13.90       1.892    
   14.00       2.059    
   14.10       2.225    
   14.20       2.386    
   14.30       2.541    
   14.40       2.686    
   14.50       2.819    
   14.60       2.939    
   14.70       3.042    
   14.80       3.128    
   14.90       3.197    
   15.00       3.245    
   15.10       3.275    
   15.20       3.285    
   15.30       3.275    
   15.40       3.246    
   15.50       3.199    
   15.60       3.135    
   15.70       3.055    
   15.80       2.961    
   15.90       2.854    
   16.00       2.735    
   16.10       2.607    
   16.20       2.472    
   16.30       2.332    
   16.40       2.188    
   16.50       2.042    
   16.60       1.897    
   16.70       1.753    
   16.80       1.613    
   16.90       1.479    
   17.00       1.351    
   17.10       1.231    
   17.20       1.120    
   17.30       1.019    
   17.40      0.9276    
   17.50      0.8476    
   17.60      0.7790    
   17.70      0.7219    
   17.80      0.6762    
   17.90      0.6418    
   18.00      0.6183    
   18.10      0.6054    
   18.20      0.6024    
   18.30      0.6087    
   18.40      0.6234    
   18.50      0.6456    
   18.60      0.6745    
   18.70      0.7091    
   18.80      0.7483    
   18.90      0.7912    
   19.00      0.8366    
   19.10      0.8836    
   19.20      0.9312    
   19.30      0.9784    
   19.40       1.024    
   19.50       1.068    
   19.60       1.109    
   19.70       1.146    
   19.80       1.179    
   19.90       1.207    
   20.00       1.231    
   20.10       1.248    
   20.20       1.260    
   20.30       1.266    
   20.40       1.266    
   20.50       1.260    
   20.60       1.249    
   20.70       1.232    
   20.80       1.210    
   20.90       1.182    
   21.00       1.151    
   21.10       1.115    
   21.20       1.076    
   21.30       1.034    
   21.40      0.9893    
   21.50      0.9430    
   21.60      0.8955    
   21.70      0.8472    
   21.80      0.7988    
   21.90      0.7508    
   22.00      0.7037    
   22.10      0.6580    
   22.20      0.6141    
   22.30      0.5723    
   22.40      0.5331    
   22.50      0.4966    
   22.60      0.4631    
   22.70      0.4328    
   22.80      0.4059    
   22.90      0.3823    
   23.00      0.3622    
   23.10      0.3455    
   23.20      0.3320    
   23.30      0.3219    
   23.40      0.3148    
   23.50      0.3106    
   23.60      0.3091    
   23.70      0.3101    
   23.80      0.3133    
   23.90      0.3185    
   24.00      0.3254    
   24.10      0.3337    
   24.20      0.3431    
   24.30      0.3533    
   24.40      0.3641    
   24.50      0.3751    
   24.60      0.3861    
   24.70      0.3969    
   24.80      0.4072    
   24.90      0.4167    
   25.00      0.4254    
   25.10      0.4330    
   25.20      0.4394    
   25.30      0.4444    
   25.40      0.4479    
   25.50      0.4499    
   25.60      0.4503    
   25.70      0.4492    
   25.80      0.4464    
   25.90      0.4421    
   26.00      0.4362    
   26.10      0.4289    
   26.20      0.4202    
   26.30      0.4103    
   26.40      0.3992    
   26.50      0.3871    
   26.60      0.3742    
   26.70      0.3605    
   26.80      0.3463    
   26.90      0.3317    
   27.00      0.3168    
   27.10      0.3018    
   27.20      0.2869    
   27.30      0.2722    
   27.40      0.2578    
   27.50      0.2438    
   27.60      0.2303    
   27.70      0.2175    
   27.80      0.2055    
   27.90      0.1942    
   28.00      0.1838    
   28.10      0.1743    
   28.20      0.1657    
   28.30      0.1580    
   28.40      0.1513    
   28.50      0.1455    
   28.60      0.1406    
   28.70      0.1366    
   28.80      0.1335    
   28.90      0.1312    
   29.00      0.1295    
   29.10      0.1286    
   29.20      0.1283    
   29.30      0.1286    
   29.40      0.1293    
   29.50      0.1304    
   29.60      0.1319    
   29.70      0.1336    
   29.80      0.1355    
   29.90      0.1375    
   30.00      0.1396    
   30.10      0.1416    
   30.20      0.1435    
   30.30      0.1453    
   30.40      0.1469    
   30.50      0.1482    
   30.60      0.1493    
   30.70      0.1500    
   30.80      0.1504    
   30.90      0.1504    
   31.00      0.1500    
   31.10      0.1493    
   31.20      0.1481    
   31.30      0.1465    
   31.40      0.1445    
   31.50      0.1422    
   31.60      0.1395    
   31.70      0.1365    
   31.80      0.1331    
   31.90      0.1296    
   32.00      0.1257    
   32.10      0.1217    
   32.20      0.1176    
   32.30      0.1133    
   32.40      0.1089    
   32.50      0.1045    
   32.60      0.1002    
   32.70      0.9581E-01
   32.80      0.9153E-01
   32.90      0.8735E-01
   33.00      0.8331E-01
   33.10      0.7942E-01
   33.20      0.7571E-01
   33.30      0.7220E-01
   33.40      0.6890E-01
   33.50      0.6583E-01
   33.60      0.6299E-01
   33.70      0.6040E-01
   33.80      0.5805E-01
   33.90      0.5594E-01
   34.00      0.5407E-01
   34.10      0.5244E-01
   34.20      0.5104E-01
   34.30      0.4985E-01
   34.40      0.4887E-01
   34.50      0.4809E-01
   34.60      0.4748E-01
   34.70      0.4704E-01
   34.80      0.4674E-01
   34.90      0.4657E-01
   35.00      0.4651E-01
   35.10      0.4655E-01
   35.20      0.4666E-01
   35.30      0.4684E-01
   35.40      0.4705E-01
   35.50      0.4728E-01
   35.60      0.4752E-01
   35.70      0.4774E-01
   35.80      0.4795E-01
   35.90      0.4811E-01
   36.00      0.4823E-01
   36.10      0.4828E-01
   36.20      0.4826E-01
   36.30      0.4815E-01
   36.40      0.4797E-01
   36.50      0.4769E-01
   36.60      0.4732E-01
   36.70      0.4685E-01
   36.80      0.4629E-01
   36.90      0.4563E-01
   37.00      0.4489E-01
   37.10      0.4406E-01
   37.20      0.4315E-01
   37.30      0.4217E-01
   37.40      0.4112E-01
   37.50      0.4002E-01
   37.60      0.3887E-01
   37.70      0.3768E-01
   37.80      0.3647E-01
   37.90      0.3523E-01
   38.00      0.3399E-01
   38.10      0.3275E-01
   38.20      0.3152E-01
   38.30      0.3030E-01
   38.40      0.2911E-01
   38.50      0.2794E-01
   38.60      0.2682E-01
   38.70      0.2574E-01
   38.80      0.2471E-01
   38.90      0.2372E-01
   39.00      0.2279E-01
   39.10      0.2192E-01
   39.20      0.2111E-01
   39.30      0.2036E-01
   39.40      0.1967E-01
   39.50      0.1903E-01
   39.60      0.1846E-01
   39.70      0.1794E-01
   39.80      0.1749E-01
   39.90      0.1708E-01
   40.00      0.1673E-01
   40.10      0.1642E-01
   40.20      0.1616E-01
   40.30      0.1594E-01
   40.40      0.1576E-01
   40.50      0.1562E-01
   40.60      0.1550E-01
   40.70      0.1542E-01
   40.80      0.1535E-01
   40.90      0.1530E-01
   41.00      0.1526E-01
   41.10      0.1523E-01
   41.20      0.1521E-01
   41.30      0.1518E-01
   41.40      0.1516E-01
   41.50      0.1512E-01
   41.60      0.1508E-01
   41.70      0.1502E-01
   41.80      0.1495E-01
   41.90      0.1486E-01
   42.00      0.1475E-01
   42.10      0.1462E-01
   42.20      0.1447E-01
   42.30      0.1429E-01
   42.40      0.1410E-01
   42.50      0.1388E-01
   42.60      0.1364E-01
   42.70      0.1339E-01
   42.80      0.1312E-01
   42.90      0.1283E-01
   43.00      0.1253E-01
   43.10      0.1221E-01
   43.20      0.1189E-01
   43.30      0.1155E-01
   43.40      0.1122E-01
   43.50      0.1088E-01
   43.60      0.1053E-01
   43.70      0.1019E-01
   43.80      0.9853E-02
   43.90      0.9518E-02
   44.00      0.9189E-02
   44.10      0.8868E-02
   44.20      0.8555E-02
   44.30      0.8252E-02
   44.40      0.7959E-02
   44.50      0.7679E-02
   44.60      0.7411E-02
   44.70      0.7156E-02
   44.80      0.6914E-02
   44.90      0.6687E-02
   45.00      0.6473E-02
   45.10      0.6274E-02
   45.20      0.6090E-02
   45.30      0.5919E-02
   45.40      0.5763E-02
   45.50      0.5620E-02
   45.60      0.5491E-02
   45.70      0.5375E-02
   45.80      0.5271E-02
   45.90      0.5179E-02
   46.00      0.5097E-02
   46.10      0.5026E-02
   46.20      0.4963E-02
   46.30      0.4909E-02
   46.40      0.4862E-02
   46.50      0.4820E-02
   46.60      0.4783E-02
   46.70      0.4750E-02
   46.80      0.4719E-02
   46.90      0.4690E-02
   47.00      0.4661E-02
   47.10      0.4632E-02
   47.20      0.4601E-02
   47.30      0.4568E-02
   47.40      0.4532E-02
   47.50      0.4492E-02
   47.60      0.4449E-02
   47.70      0.4401E-02
   47.80      0.4349E-02
   47.90      0.4293E-02
   48.00      0.4232E-02
   48.10      0.4166E-02
   48.20      0.4096E-02
   48.30      0.4023E-02
   48.40      0.3945E-02
   48.50      0.3865E-02
   48.60      0.3781E-02
   48.70      0.3695E-02
   48.80      0.3607E-02
   48.90      0.3518E-02
   49.00      0.3427E-02
   49.10      0.3335E-02
   49.20      0.3244E-02
   49.30      0.3152E-02
   49.40      0.3060E-02
   49.50      0.2969E-02
   49.60      0.2879E-02
   49.70      0.2791E-02
   49.80      0.2704E-02
   49.90      0.2619E-02
   50.00      0.2535E-02
   50.10      0.2455E-02
   50.20      0.2376E-02
   50.30      0.2300E-02
   50.40      0.2228E-02
   50.50      0.2158E-02
   50.60      0.2091E-02
   50.70      0.2028E-02
   50.80      0.1969E-02
   50.90      0.1912E-02
   51.00      0.1860E-02
   51.10      0.1811E-02
   51.20      0.1766E-02
   51.30      0.1724E-02
   51.40      0.1686E-02
   51.50      0.1651E-02
   51.60      0.1619E-02
   51.70      0.1590E-02
   51.80      0.1564E-02
   51.90      0.1540E-02
   52.00      0.1519E-02
   52.10      0.1500E-02
   52.20      0.1482E-02
   52.30      0.1465E-02
   52.40      0.1450E-02
   52.50      0.1435E-02
   52.60      0.1421E-02
   52.70      0.1407E-02
   52.80      0.1393E-02
   52.90      0.1379E-02
   53.00      0.1364E-02
   53.10      0.1349E-02
   53.20      0.1333E-02
   53.30      0.1316E-02
   53.40      0.1299E-02
   53.50      0.1281E-02
   53.60      0.1262E-02
   53.70      0.1243E-02
   53.80      0.1222E-02
   53.90      0.1201E-02
   54.00      0.1180E-02
   54.10      0.1158E-02
   54.20      0.1136E-02
   54.30      0.1113E-02
   54.40      0.1089E-02
   54.50      0.1066E-02
   54.60      0.1042E-02
   54.70      0.1018E-02
   54.80      0.9940E-03
   54.90      0.9698E-03
   55.00      0.9455E-03
   55.10      0.9211E-03
   55.20      0.8968E-03
   55.30      0.8725E-03
   55.40      0.8484E-03
   55.50      0.8244E-03
   55.60      0.8007E-03
   55.70      0.7774E-03
   55.80      0.7545E-03
   55.90      0.7321E-03
   56.00      0.7102E-03
   56.10      0.6890E-03
   56.20      0.6685E-03
   56.30      0.6488E-03
   56.40      0.6299E-03
   56.50      0.6120E-03
   56.60      0.5950E-03
   56.70      0.5789E-03
   56.80      0.5639E-03
   56.90      0.5498E-03
   57.00      0.5367E-03
   57.10      0.5246E-03
   57.20      0.5133E-03
   57.30      0.5029E-03
   57.40      0.4933E-03
   57.50      0.4844E-03
   57.60      0.4761E-03
   57.70      0.4685E-03
   57.80      0.4612E-03
   57.90      0.4544E-03
   58.00      0.4479E-03
   58.10      0.4417E-03
   58.20      0.4356E-03
   58.30      0.4296E-03
   58.40      0.4237E-03
   58.50      0.4179E-03
   58.60      0.4121E-03
   58.70      0.4063E-03
   58.80      0.4004E-03
   58.90      0.3945E-03
   59.00      0.3886E-03
   59.10      0.3827E-03
   59.20      0.3768E-03
   59.30      0.3708E-03
   59.40      0.3649E-03
   59.50      0.3589E-03
   59.60      0.3530E-03
   59.70      0.3470E-03
   59.80      0.3410E-03
   59.90      0.3350E-03
   60.00      0.3290E-03
   60.10      0.3229E-03
   60.20      0.3167E-03
   60.30      0.3105E-03
   60.40      0.3042E-03
   60.50      0.2978E-03
   60.60      0.2913E-03
   60.70      0.2848E-03
   60.80      0.2782E-03
   60.90      0.2715E-03
   61.00      0.2648E-03
   61.10      0.2580E-03
   61.20      0.2513E-03
   61.30      0.2446E-03
   61.40      0.2379E-03
   61.50      0.2314E-03
   61.60      0.2249E-03
   61.70      0.2186E-03
   61.80      0.2125E-03
   61.90      0.2065E-03
   62.00      0.2008E-03
   62.10      0.1953E-03
   62.20      0.1901E-03
   62.30      0.1851E-03
   62.40      0.1804E-03
   62.50      0.1760E-03
   62.60      0.1719E-03
   62.70      0.1679E-03
   62.80      0.1643E-03
   62.90      0.1608E-03
   63.00      0.1575E-03
   63.10      0.1544E-03
   63.20      0.1514E-03
   63.30      0.1486E-03
   63.40      0.1459E-03
   63.50      0.1432E-03
   63.60      0.1406E-03
   63.70      0.1381E-03
   63.80      0.1356E-03
   63.90      0.1332E-03
   64.00      0.1308E-03
   64.10      0.1285E-03
   64.20      0.1261E-03
   64.30      0.1239E-03
   64.40      0.1217E-03
   64.50      0.1196E-03
   64.60      0.1175E-03
   64.70      0.1155E-03
   64.80      0.1135E-03
   64.90      0.1117E-03
   65.00      0.1099E-03
   65.10      0.1081E-03
   65.20      0.1064E-03
   65.30      0.1048E-03
   65.40      0.1031E-03
   65.50      0.1015E-03
   65.60      0.9988E-04
   65.70      0.9825E-04
   65.80      0.9660E-04
   65.90      0.9492E-04
   66.00      0.9321E-04
   66.10      0.9146E-04
   66.20      0.8967E-04
   66.30      0.8785E-04
   66.40      0.8599E-04
   66.50      0.8409E-04
   66.60      0.8218E-04
   66.70      0.8025E-04
   66.80      0.7832E-04
   66.90      0.7639E-04
   67.00      0.7447E-04
   67.10      0.7258E-04
   67.20      0.7072E-04
   67.30      0.6891E-04
   67.40      0.6715E-04
   67.50      0.6545E-04
   67.60      0.6382E-04
   67.70      0.6226E-04
   67.80      0.6077E-04
   67.90      0.5935E-04
   68.00      0.5801E-04
   68.10      0.5673E-04
   68.20      0.5551E-04
   68.30      0.5435E-04
   68.40      0.5323E-04
   68.50      0.5215E-04
   68.60      0.5110E-04
   68.70      0.5007E-04
   68.80      0.4906E-04
   68.90      0.4805E-04
   69.00      0.4704E-04
   69.10      0.4604E-04
   69.20      0.4505E-04
   69.30      0.4406E-04
   69.40      0.4307E-04
   69.50      0.4210E-04
   69.60      0.4116E-04
   69.70      0.4024E-04
   69.80      0.3935E-04
   69.90      0.3850E-04
   70.00      0.3769E-04
   70.10      0.3692E-04
   70.20      0.3620E-04
   70.30      0.3553E-04
   70.40      0.3490E-04
   70.50      0.3431E-04
   70.60      0.3375E-04
   70.70      0.3322E-04
   70.80      0.3271E-04
   70.90      0.3221E-04
   71.00      0.3173E-04
   71.10      0.3125E-04
   71.20      0.3077E-04
   71.30      0.3028E-04
   71.40      0.2978E-04
   71.50      0.2927E-04
   71.60      0.2875E-04
   71.70      0.2822E-04
   71.80      0.2768E-04
   71.90      0.2712E-04
   72.00      0.2656E-04
   72.10      0.2599E-04
   72.20      0.2542E-04
   72.30      0.2485E-04
   72.40      0.2428E-04
   72.50      0.2372E-04
   72.60      0.2317E-04
   72.70      0.2263E-04
   72.80      0.2211E-04
   72.90      0.2161E-04
   73.00      0.2113E-04
   73.10      0.2068E-04
   73.20      0.2025E-04
   73.30      0.1985E-04
   73.40      0.1947E-04
   73.50      0.1911E-04
   73.60      0.1877E-04
   73.70      0.1844E-04
   73.80      0.1812E-04
   73.90      0.1780E-04
   74.00      0.1748E-04
   74.10      0.1716E-04
   74.20      0.1683E-04
   74.30      0.1649E-04
   74.40      0.1614E-04
   74.50      0.1577E-04
   74.60      0.1540E-04
   74.70      0.1502E-04
   74.80      0.1464E-04
   74.90      0.1426E-04
   75.00      0.1388E-04
   75.10      0.1351E-04
   75.20      0.1316E-04
   75.30      0.1282E-04
   75.40      0.1250E-04
   75.50      0.1221E-04
   75.60      0.1193E-04
   75.70      0.1168E-04
   75.80      0.1145E-04
   75.90      0.1123E-04
   76.00      0.1104E-04
   76.10      0.1085E-04
   76.20      0.1068E-04
   76.30      0.1051E-04
   76.40      0.1034E-04
   76.50      0.1018E-04
   76.60      0.1002E-04
   76.70      0.9853E-05
   76.80      0.9685E-05
   76.90      0.9515E-05
   77.00      0.9341E-05
   77.10      0.9164E-05
   77.20      0.8984E-05
   77.30      0.8801E-05
   77.40      0.8617E-05
   77.50      0.8431E-05
   77.60      0.8246E-05
   77.70      0.8061E-05
   77.80      0.7877E-05
   77.90      0.7698E-05
   78.00      0.7522E-05
   78.10      0.7354E-05
   78.20      0.7193E-05
   78.30      0.7041E-05
   78.40      0.6900E-05
   78.50      0.6770E-05
   78.60      0.6652E-05
   78.70      0.6545E-05
   78.80      0.6449E-05
   78.90      0.6362E-05
   79.00      0.6282E-05
   79.10      0.6207E-05
   79.20      0.6133E-05
   79.30      0.6059E-05
   79.40      0.5980E-05
   79.50      0.5895E-05
   79.60      0.5801E-05
   79.70      0.5698E-05
   79.80      0.5584E-05
   79.90      0.5460E-05
   80.00      0.5327E-05
   80.10      0.5188E-05
   80.20      0.5043E-05
   80.30      0.4897E-05
   80.40      0.4752E-05
   80.50      0.4610E-05
   80.60      0.4475E-05
   80.70      0.4348E-05
   80.80      0.4230E-05
   80.90      0.4123E-05
   81.00      0.4027E-05
   81.10      0.3940E-05
   81.20      0.3862E-05
   81.30      0.3791E-05
   81.40      0.3726E-05
   81.50      0.3666E-05
   81.60      0.3607E-05
   81.70      0.3550E-05
   81.80      0.3494E-05
   81.90      0.3436E-05
   82.00      0.3378E-05
   82.10      0.3318E-05
   82.20      0.3257E-05
   82.30      0.3196E-05
   82.40      0.3133E-05
   82.50      0.3070E-05
   82.60      0.3006E-05
   82.70      0.2941E-05
   82.80      0.2877E-05
   82.90      0.2811E-05
   83.00      0.2746E-05
   83.10      0.2680E-05
   83.20      0.2614E-05
   83.30      0.2549E-05
   83.40      0.2485E-05
   83.50      0.2424E-05
   83.60      0.2366E-05
   83.70      0.2312E-05
   83.80      0.2264E-05
   83.90      0.2222E-05
   84.00      0.2187E-05
   84.10      0.2159E-05
   84.20      0.2137E-05
   84.30      0.2120E-05
   84.40      0.2108E-05
   84.50      0.2098E-05
   84.60      0.2089E-05
   84.70      0.2079E-05
   84.80      0.2065E-05
   84.90      0.2047E-05
   85.00      0.2022E-05
   85.10      0.1990E-05
   85.20      0.1951E-05
   85.30      0.1906E-05
   85.40      0.1854E-05
   85.50      0.1798E-05
   85.60      0.1739E-05
   85.70      0.1679E-05
   85.80      0.1621E-05
   85.90      0.1565E-05
   86.00      0.1513E-05
   86.10      0.1466E-05
   86.20      0.1424E-05
   86.30      0.1389E-05
   86.40      0.1359E-05
   86.50      0.1333E-05
   86.60      0.1312E-05
   86.70      0.1292E-05
   86.80      0.1275E-05
   86.90      0.1258E-05
   87.00      0.1240E-05
   87.10      0.1222E-05
   87.20      0.1203E-05
   87.30      0.1183E-05
   87.40      0.1162E-05
   87.50      0.1141E-05
   87.60      0.1119E-05
   87.70      0.1098E-05
   87.80      0.1076E-05
   87.90      0.1056E-05
   88.00      0.1035E-05
   88.10      0.1015E-05
   88.20      0.9942E-06
   88.30      0.9729E-06
   88.40      0.9507E-06
   88.50      0.9273E-06
   88.60      0.9029E-06
   88.70      0.8775E-06
   88.80      0.8517E-06
   88.90      0.8262E-06
   89.00      0.8018E-06
   89.10      0.7795E-06
   89.20      0.7601E-06
   89.30      0.7444E-06
   89.40      0.7330E-06
   89.50      0.7260E-06
   89.60      0.7233E-06
   89.70      0.7243E-06
   89.80      0.7281E-06
   89.90      0.7336E-06
   90.00      0.7393E-06
   90.10      0.7439E-06
   90.20      0.7459E-06
   90.30      0.7442E-06
   90.40      0.7380E-06
   90.50      0.7268E-06
   90.60      0.7107E-06
   90.70      0.6900E-06
   90.80      0.6657E-06
   90.90      0.6387E-06
   91.00      0.6105E-06
   91.10      0.5823E-06
   91.20      0.5555E-06
   91.30      0.5312E-06
   91.40      0.5101E-06
   91.50      0.4926E-06
   91.60      0.4789E-06
   91.70      0.4687E-06
   91.80      0.4614E-06
   91.90      0.4562E-06
   92.00      0.4523E-06
   92.10      0.4489E-06
   92.20      0.4451E-06
   92.30      0.4405E-06
   92.40      0.4348E-06
   92.50      0.4279E-06
   92.60      0.4199E-06
   92.70      0.4112E-06
   92.80      0.4023E-06
   92.90      0.3936E-06
   93.00      0.3856E-06
   93.10      0.3786E-06
   93.20      0.3727E-06
   93.30      0.3677E-06
   93.40      0.3636E-06
   93.50      0.3597E-06
   93.60      0.3555E-06
   93.70      0.3506E-06
   93.80      0.3445E-06
   93.90      0.3368E-06
   94.00      0.3274E-06
   94.10      0.3165E-06
   94.20      0.3044E-06
   94.30      0.2918E-06
   94.40      0.2795E-06
   94.50      0.2682E-06
   94.60      0.2588E-06
   94.70      0.2520E-06
   94.80      0.2484E-06
   94.90      0.2481E-06
   95.00      0.2510E-06
   95.10      0.2567E-06
   95.20      0.2644E-06
   95.30      0.2732E-06
   95.40      0.2819E-06
   95.50      0.2895E-06
   95.60      0.2949E-06
   95.70      0.2973E-06
   95.80      0.2961E-06
   95.90      0.2912E-06
   96.00      0.2827E-06
   96.10      0.2710E-06
   96.20      0.2570E-06
   96.30      0.2416E-06
   96.40      0.2259E-06
   96.50      0.2109E-06
   96.60      0.1974E-06
   96.70      0.1863E-06
   96.80      0.1778E-06
   96.90      0.1721E-06
   97.00      0.1689E-06
   97.10      0.1678E-06
   97.20      0.1682E-06
   97.30      0.1693E-06
   97.40      0.1703E-06
   97.50      0.1707E-06
   97.60      0.1699E-06
   97.70      0.1677E-06
   97.80      0.1641E-06
   97.90      0.1594E-06
   98.00      0.1538E-06
   98.10      0.1480E-06
   98.20      0.1425E-06
   98.30      0.1378E-06
   98.40      0.1343E-06
   98.50      0.1324E-06
   98.60      0.1318E-06
   98.70      0.1326E-06
   98.80      0.1342E-06
   98.90      0.1360E-06
   99.00      0.1375E-06
   99.10      0.1381E-06
   99.20      0.1372E-06
   99.30      0.1346E-06
   99.40      0.1300E-06
   99.50      0.1237E-06
   99.60      0.1160E-06
   99.70      0.1076E-06
   99.80      0.9918E-07
   99.90      0.9154E-07
   100.0      0.8546E-07
   100.1      0.8159E-07
   100.2      0.8033E-07
   100.3      0.8185E-07
   100.4      0.8602E-07
   100.5      0.9239E-07
   100.6      0.1003E-06
   100.7      0.1089E-06
   100.8      0.1173E-06
   100.9      0.1245E-06
   101.0      0.1298E-06
   101.1      0.1325E-06
   101.2      0.1322E-06
   101.3      0.1291E-06
   101.4      0.1233E-06
   101.5      0.1154E-06
   101.6      0.1060E-06
   101.7      0.9620E-07
   101.8      0.8670E-07
   101.9      0.7834E-07
   102.0      0.7173E-07
   102.1      0.6729E-07
   102.2      0.6512E-07
   102.3      0.6510E-07
   102.4      0.6682E-07
   102.5      0.6973E-07
   102.6      0.7315E-07
   102.7      0.7637E-07
   102.8      0.7878E-07
   102.9      0.7989E-07
   103.0      0.7944E-07
   103.1      0.7739E-07
   103.2      0.7393E-07
   103.3      0.6946E-07
   103.4      0.6452E-07
   103.5      0.5970E-07
   103.6      0.5562E-07
   103.7      0.5276E-07
   103.8      0.5145E-07
   103.9      0.5181E-07
   104.0      0.5374E-07
   104.1      0.5691E-07
   104.2      0.6081E-07
   104.3      0.6480E-07
   104.4      0.6825E-07
   104.5      0.7052E-07
   104.6      0.7115E-07
   104.7      0.6985E-07
   104.8      0.6656E-07
   104.9      0.6150E-07
   105.0      0.5510E-07
   105.1      0.4797E-07
   105.2      0.4085E-07
   105.3      0.3450E-07
   105.4      0.2962E-07
   105.5      0.2675E-07
   105.6      0.2624E-07
   105.7      0.2815E-07
   105.8      0.3228E-07
   105.9      0.3818E-07
   106.0      0.4521E-07
   106.1      0.5257E-07
   106.2      0.5945E-07
   106.3      0.6507E-07
   106.4      0.6880E-07
   106.5      0.7023E-07
   106.6      0.6920E-07
   106.7      0.6583E-07
   106.8      0.6049E-07
   106.9      0.5377E-07
   107.0      0.4638E-07
   107.1      0.3910E-07
   107.2      0.3268E-07
   107.3      0.2773E-07
   107.4      0.2466E-07
   107.5      0.2367E-07
   107.6      0.2467E-07
   107.7      0.2737E-07
   107.8      0.3125E-07
   107.9      0.3570E-07
   108.0      0.4002E-07
   108.1      0.4360E-07
   108.2      0.4590E-07
   108.3      0.4661E-07
   108.4      0.4562E-07
   108.5      0.4304E-07
   108.6      0.3923E-07
   108.7      0.3468E-07
   108.8      0.3002E-07
   108.9      0.2586E-07
   109.0      0.2277E-07
   109.1      0.2119E-07
   109.2      0.2135E-07
   109.3      0.2326E-07
   109.4      0.2669E-07
   109.5      0.3123E-07
   109.6      0.3630E-07
   109.7      0.4122E-07
   109.8      0.4535E-07
   109.9      0.4811E-07
   110.0      0.4907E-07
   110.1      0.4804E-07
   110.2      0.4504E-07
   110.3      0.4037E-07
   110.4      0.3449E-07
   110.5      0.2807E-07
   110.6      0.2181E-07
   110.7      0.1643E-07
   110.8      0.1255E-07
   110.9      0.1062E-07
   111.0      0.1087E-07
   111.1      0.1327E-07
   111.2      0.1753E-07
   111.3      0.2317E-07
   111.4      0.2952E-07
   111.5      0.3584E-07
   111.6      0.4140E-07
   111.7      0.4553E-07
   111.8      0.4777E-07
   111.9      0.4785E-07
   112.0      0.4576E-07
   112.1      0.4174E-07
   112.2      0.3627E-07
   112.3      0.2997E-07
   112.4      0.2354E-07
   112.5      0.1770E-07
   112.6      0.1308E-07
   112.7      0.1014E-07
   112.8      0.9147E-08
   112.9      0.1011E-07
   113.0      0.1280E-07
   113.1      0.1680E-07
   113.2      0.2151E-07
   113.3      0.2629E-07
   113.4      0.3048E-07
   113.5      0.3353E-07
   113.6      0.3502E-07
   113.7      0.3476E-07
   113.8      0.3278E-07
   113.9      0.2936E-07
   114.0      0.2492E-07
   114.1      0.2007E-07
   114.2      0.1545E-07
   114.3      0.1166E-07
   114.4      0.9234E-08
   114.5      0.8510E-08
   114.6      0.9622E-08
   114.7      0.1247E-07
   114.8      0.1673E-07
   114.9      0.2189E-07
   115.0      0.2734E-07
   115.1      0.3238E-07
   115.2      0.3640E-07
   115.3      0.3888E-07
   115.4      0.3947E-07
   115.5      0.3809E-07
   115.6      0.3485E-07
   115.7      0.3013E-07
   115.8      0.2446E-07
   115.9      0.1851E-07
   116.0      0.1299E-07
   116.1      0.8552E-08
   116.2      0.5735E-08
   116.3      0.4879E-08
   116.4      0.6095E-08
   116.5      0.9248E-08
   116.6      0.1397E-07
   116.7      0.1970E-07
   116.8      0.2578E-07
   116.9      0.3147E-07
   117.0      0.3612E-07
   117.1      0.3917E-07
   117.2      0.4028E-07
   117.3      0.3932E-07
   117.4      0.3641E-07
   117.5      0.3191E-07
   117.6      0.2637E-07
   117.7      0.2043E-07
   117.8      0.1479E-07
   117.9      0.1010E-07
   118.0      0.6886E-08
   118.1      0.5490E-08
   118.2      0.6020E-08
   118.3      0.8349E-08
   118.4      0.1213E-07
   118.5      0.1684E-07
   118.6      0.2184E-07
   118.7      0.2648E-07
   118.8      0.3015E-07
   118.9      0.3237E-07
   119.0      0.3284E-07
   119.1      0.3149E-07
   119.2      0.2851E-07
   119.3      0.2425E-07
   119.4      0.1926E-07
   119.5      0.1418E-07
   119.6      0.9649E-08
   119.7      0.6266E-08
   119.8      0.4471E-08
   119.9      0.4515E-08
   120.0      0.6419E-08
   120.1      0.9972E-08
   120.2      0.1476E-07
   120.3      0.2019E-07
   120.4      0.2562E-07
   120.5      0.3037E-07
   120.6      0.3385E-07
   120.7      0.3562E-07
   120.8      0.3545E-07
   120.9      0.3334E-07
   121.0      0.2952E-07
   121.1      0.2444E-07
   121.2      0.1871E-07
   121.3      0.1300E-07
   121.4      0.8014E-08
   121.5      0.4341E-08
   121.6      0.2428E-08
   121.7      0.2510E-08
   121.8      0.4581E-08
   121.9      0.8395E-08
   122.0      0.1350E-07
   122.1      0.1928E-07
   122.2      0.2504E-07
   122.3      0.3011E-07
   122.4      0.3387E-07
   122.5      0.3589E-07
   122.6      0.3593E-07
   122.7      0.3400E-07
   122.8      0.3035E-07
   122.9      0.2543E-07
   123.0      0.1984E-07
   123.1      0.1427E-07
   123.2      0.9382E-08
   123.3      0.5768E-08
   123.4      0.3850E-08
   123.5      0.3840E-08
   123.6      0.5714E-08
   123.7      0.9215E-08
   123.8      0.1389E-07
   123.9      0.1913E-07
   124.0      0.2428E-07
   124.1      0.2868E-07
   124.2      0.3178E-07
   124.3      0.3318E-07
   124.4      0.3271E-07
   124.5      0.3043E-07
   124.6      0.2662E-07
   124.7      0.2176E-07
   124.8      0.1646E-07
   124.9      0.1139E-07
   125.0      0.7200E-08
   125.1      0.4417E-08
   125.2      0.3408E-08
   125.3      0.4319E-08
   125.4      0.7057E-08
   125.5      0.1130E-07
   125.6      0.1654E-07
   125.7      0.2214E-07
   125.8      0.2741E-07
   125.9      0.3171E-07
   126.0      0.3450E-07
   126.1      0.3542E-07
   126.2      0.3436E-07
   126.3      0.3142E-07
   126.4      0.2695E-07
   126.5      0.2148E-07
   126.6      0.1567E-07
   126.7      0.1022E-07
   126.8      0.5784E-08
   126.9      0.2898E-08
   127.0      0.1912E-08
   127.1      0.2945E-08
   127.2      0.5871E-08
   127.3      0.1033E-07
   127.4      0.1579E-07
   127.5      0.2158E-07
   127.6      0.2700E-07
   127.7      0.3139E-07
   127.8      0.3422E-07
   127.9      0.3516E-07
   128.0      0.3410E-07
   128.1      0.3116E-07
   128.2      0.2673E-07
   128.3      0.2133E-07
   128.4      0.1564E-07
   128.5      0.1035E-07
   128.6      0.6102E-08
   128.7      0.3414E-08
   128.8      0.2606E-08
   128.9      0.3764E-08
   129.0      0.6736E-08
   129.1      0.1114E-07
   129.2      0.1643E-07
   129.3      0.2193E-07
   129.4      0.2697E-07
   129.5      0.3091E-07
   129.6      0.3326E-07
   129.7      0.3372E-07
   129.8      0.3225E-07
   129.9      0.2903E-07
   130.0      0.2445E-07
   130.1      0.1909E-07
   130.2      0.1362E-07
   130.3      0.8740E-08
   130.4      0.5060E-08
   130.5      0.3054E-08
   130.6      0.2992E-08
   130.7      0.4902E-08
   130.8      0.8567E-08
   130.9      0.1356E-07
   131.0      0.1927E-07
   131.1      0.2501E-07
   131.2      0.3009E-07
   131.3      0.3387E-07
   131.4      0.3589E-07
   131.5      0.3591E-07
   131.6      0.3390E-07
   131.7      0.3010E-07
   131.8      0.2498E-07
   131.9      0.1914E-07
   132.0      0.1330E-07
   132.1      0.8159E-08
   132.2      0.4350E-08
   132.3      0.2332E-08
   132.4      0.2351E-08
   132.5      0.4405E-08
   132.6      0.8243E-08
   132.7      0.1340E-07
   132.8      0.1923E-07
   132.9      0.2505E-07
   133.0      0.3012E-07
   133.1      0.3384E-07
   133.2      0.3576E-07
   133.3      0.3563E-07
   133.4      0.3348E-07
   133.5      0.2958E-07
   133.6      0.2441E-07
   133.7      0.1861E-07
   133.8      0.1288E-07
   133.9      0.7941E-08
   134.0      0.4395E-08
   134.1      0.2679E-08
   134.2      0.3002E-08
   134.3      0.5324E-08
   134.4      0.9358E-08
   134.5      0.1460E-07
   134.6      0.2041E-07
   134.7      0.2606E-07
   134.8      0.3086E-07
   134.9      0.3420E-07
   135.0      0.3567E-07
   135.1      0.3509E-07
   135.2      0.3252E-07
   135.3      0.2828E-07
   135.4      0.2288E-07
   135.5      0.1701E-07
   135.6      0.1138E-07
   135.7      0.6697E-08
   135.8      0.3552E-08
   135.9      0.2344E-08
   136.0      0.3236E-08
   136.1      0.6134E-08
   136.2      0.1070E-07
   136.3      0.1638E-07
   136.4      0.2248E-07
   136.5      0.2828E-07
   136.6      0.3305E-07
   136.7      0.3621E-07
   136.8      0.3738E-07
   136.9      0.3640E-07
   137.0      0.3340E-07
   137.1      0.2873E-07
   137.2      0.2296E-07
   137.3      0.1680E-07
   137.4      0.1100E-07
   137.5      0.6278E-08
   137.6      0.3210E-08
   137.7      0.2177E-08
   137.8      0.3312E-08
   137.9      0.6479E-08
   138.0      0.1130E-07
   138.1      0.1718E-07
   138.2      0.2342E-07
   138.3      0.2924E-07
   138.4      0.3393E-07
   138.5      0.3693E-07
   138.6      0.3787E-07
   138.7      0.3663E-07
   138.8      0.3336E-07
   138.9      0.2847E-07
   139.0      0.2257E-07
   139.1      0.1637E-07
   139.2      0.1065E-07
   139.3      0.6106E-08
   139.4      0.3313E-08
   139.5      0.2615E-08
   139.6      0.4105E-08
   139.7      0.7604E-08
   139.8      0.1269E-07
   139.9      0.1873E-07
   140.0      0.2500E-07
   140.1      0.3072E-07
   140.2      0.3518E-07
   140.3      0.3784E-07
   140.4      0.3836E-07
   140.5      0.3668E-07
   140.6      0.3300E-07
   140.7      0.2777E-07
   140.8      0.2164E-07
   140.9      0.1536E-07
   141.0      0.9726E-08
   141.1      0.5427E-08
   141.2      0.3009E-08
   141.3      0.2785E-08
   141.4      0.4799E-08
   141.5      0.8817E-08
   141.6      0.1436E-07
   141.7      0.2076E-07
   141.8      0.2724E-07
   141.9      0.3301E-07
   142.0      0.3736E-07
   142.1      0.3975E-07
   142.2      0.3989E-07
   142.3      0.3777E-07
   142.4      0.3362E-07
   142.5      0.2796E-07
   142.6      0.2148E-07
   142.7      0.1498E-07
   142.8      0.9254E-08
   142.9      0.5012E-08
   143.0      0.2781E-08
   143.1      0.2846E-08
   143.2      0.5209E-08
   143.3      0.9588E-08
   143.4      0.1546E-07
   143.5      0.2210E-07
   143.6      0.2872E-07
   143.7      0.3448E-07
   143.8      0.3870E-07
   143.9      0.4086E-07
   144.0      0.4067E-07
   144.1      0.3817E-07
   144.2      0.3366E-07
   144.3      0.2769E-07
   144.4      0.2100E-07
   144.5      0.1441E-07
   144.6      0.8728E-08
   144.7      0.4672E-08
   144.8      0.2744E-08
   144.9      0.3193E-08
   145.0      0.5976E-08
   145.1      0.1076E-07
   145.2      0.1697E-07
   145.3      0.2384E-07
   145.4      0.3054E-07
   145.5      0.3625E-07
   145.6      0.4026E-07
   145.7      0.4208E-07
   145.8      0.4148E-07
   145.9      0.3853E-07
   146.0      0.3359E-07
   146.1      0.2727E-07
   146.2      0.2035E-07
   146.3      0.1368E-07
   146.4      0.8110E-08
   146.5      0.4325E-08
   146.6      0.2813E-08
   146.7      0.3781E-08
   146.8      0.7132E-08
   146.9      0.1247E-07
   147.0      0.1917E-07
   147.1      0.2641E-07
   147.2      0.3331E-07
   147.3      0.3904E-07
   147.4      0.4289E-07
   147.5      0.4439E-07
   147.6      0.4334E-07
   147.7      0.3987E-07
   147.8      0.3440E-07
   147.9      0.2760E-07
   148.0      0.2030E-07
   148.1      0.1339E-07
   148.2      0.7737E-08
   148.3      0.4039E-08
   148.4      0.2763E-08
   148.5      0.4080E-08
   148.6      0.7843E-08
   148.7      0.1361E-07
   148.8      0.2067E-07
   148.9      0.2819E-07
   149.0      0.3524E-07
   149.1      0.4096E-07
   149.2      0.4465E-07
   149.3      0.4585E-07
   149.4      0.4443E-07
   149.5      0.4054E-07
   149.6      0.3466E-07
   149.7      0.2753E-07
   149.8      0.2001E-07
   149.9      0.1305E-07
   150.0      0.7517E-08
   150.1      0.4101E-08
   150.2      0.3245E-08
   150.3      0.5076E-08
   150.4      0.9391E-08
   150.5      0.1568E-07
   150.6      0.2318E-07
   150.7      0.3099E-07
   150.8      0.3816E-07
   150.9      0.4379E-07
   151.0      0.4721E-07
   151.1      0.4798E-07
   151.2      0.4600E-07
   151.3      0.4151E-07
   151.4      0.3505E-07
   151.5      0.2741E-07
   151.6      0.1953E-07
   151.7      0.1240E-07
   151.8      0.6895E-08
   151.9      0.3716E-08
   152.0      0.3276E-08
   152.1      0.5655E-08
   152.2      0.1059E-07
   152.3      0.1749E-07
   152.4      0.2554E-07
   152.5      0.3375E-07
   152.6      0.4115E-07
   152.7      0.4681E-07
   152.8      0.5005E-07
   152.9      0.5046E-07
   153.0      0.4799E-07
   153.1      0.4293E-07
   153.2      0.3590E-07
   153.3      0.2777E-07
   153.4      0.1954E-07
   153.5      0.1222E-07
   153.6      0.6741E-08
   153.7      0.3789E-08
   153.8      0.3756E-08
   153.9      0.6672E-08
   154.0      0.1221E-07
   154.1      0.1971E-07
   154.2      0.2828E-07
   154.3      0.3688E-07
   154.4      0.4446E-07
   154.5      0.5010E-07
   154.6      0.5310E-07
   154.7      0.5308E-07
   154.8      0.5005E-07
   154.9      0.4437E-07
   155.0      0.3672E-07
   155.1      0.2805E-07
   155.2      0.1943E-07
   155.3      0.1193E-07
   155.4      0.6488E-08
   155.5      0.3799E-08
   155.6      0.4223E-08
   155.7      0.7740E-08
   155.8      0.1395E-07
   155.9      0.2212E-07
   156.0      0.3127E-07
   156.1      0.4029E-07
   156.2      0.4808E-07
   156.3      0.5370E-07
   156.4      0.5645E-07
   156.5      0.5598E-07
   156.6      0.5235E-07
   156.7      0.4599E-07
   156.8      0.3769E-07
   156.9      0.2846E-07
   157.0      0.1945E-07
   157.1      0.1179E-07
   157.2      0.6451E-08
   157.3      0.4119E-08
   157.4      0.5122E-08
   157.5      0.9382E-08
   157.6      0.1641E-07
   157.7      0.2540E-07
   157.8      0.3526E-07
   157.9      0.4480E-07
   158.0      0.5288E-07
   158.1      0.5850E-07
   158.2      0.6096E-07
   158.3      0.5996E-07
   158.4      0.5561E-07
   158.5      0.4843E-07
   158.6      0.3929E-07
   158.7      0.2932E-07
   158.8      0.1974E-07
   158.9      0.1176E-07
   159.0      0.6381E-08
   159.1      0.4297E-08
   159.2      0.5809E-08
   159.3      0.1078E-07
   159.4      0.1863E-07
   159.5      0.2845E-07
   159.6      0.3906E-07
   159.7      0.4918E-07
   159.8      0.5758E-07
   159.9      0.6324E-07
   160.0      0.6545E-07
   160.1      0.6393E-07
   160.2      0.5886E-07
   160.3      0.5085E-07
   160.4      0.4088E-07
   160.5      0.3017E-07
   160.6      0.2006E-07
   160.7      0.1181E-07
   160.8      0.6481E-08
   160.9      0.4764E-08
   161.0      0.6929E-08
   161.1      0.1276E-07
   161.2      0.2161E-07
   161.3      0.3243E-07
   161.4      0.4393E-07
   161.5      0.5473E-07
   161.6      0.6352E-07
   161.7      0.6922E-07
   161.8      0.7113E-07
   161.9      0.6899E-07
   162.0      0.6307E-07
   162.1      0.5406E-07
   162.2      0.4307E-07
   162.3      0.3147E-07
   162.4      0.2068E-07
   162.5      0.1207E-07
   162.6      0.6745E-08
   162.7      0.5419E-08
   162.8      0.8322E-08
   162.9      0.1517E-07
   163.0      0.2519E-07
   163.1      0.3721E-07
   163.2      0.4981E-07
   163.3      0.6148E-07
   163.4      0.7081E-07
   163.5      0.7665E-07
   163.6      0.7828E-07
   163.7      0.7549E-07
   163.8      0.6860E-07
   163.9      0.5844E-07
   164.0      0.4625E-07
   164.1      0.3353E-07
   164.2      0.2188E-07
   164.3      0.1275E-07
   164.4      0.7325E-08
   164.5      0.6346E-08
   164.6      0.1001E-07
   164.7      0.1796E-07
   164.8      0.2930E-07
   164.9      0.4271E-07
   165.0      0.5661E-07
   165.1      0.6933E-07
   165.2      0.7934E-07
   165.3      0.8542E-07
   165.4      0.8681E-07
   165.5      0.8332E-07
   165.6      0.7536E-07
   165.7      0.6389E-07
   165.8      0.5031E-07
   165.9      0.3630E-07
   166.0      0.2361E-07
   166.1      0.1384E-07
   166.2      0.8275E-08
   166.3      0.7688E-08
   166.4      0.1226E-07
   166.5      0.2153E-07
   166.6      0.3448E-07
   166.7      0.4961E-07
   166.8      0.6514E-07
   166.9      0.7924E-07
   167.0      0.9019E-07
   167.1      0.9667E-07
   167.2      0.9788E-07
   167.3      0.9364E-07
   167.4      0.8445E-07
   167.5      0.7142E-07
   167.6      0.5613E-07
   167.7      0.4048E-07
   167.8      0.2642E-07
   167.9      0.1575E-07
   168.0      0.9877E-08
   168.1      0.9641E-08
   168.2      0.1521E-07
   168.3      0.2604E-07
   168.4      0.4096E-07
   168.5      0.5826E-07
   168.6      0.7593E-07
   168.7      0.9189E-07
   168.8      0.1042E-06
   168.9      0.1114E-06
   169.0      0.1127E-06
   169.1      0.1077E-06
   169.2      0.9714E-07
   169.3      0.8225E-07
   169.4      0.6485E-07
   169.5      0.4707E-07
   169.6      0.3116E-07
   169.7      0.1915E-07
   169.8      0.1264E-07
   169.9      0.1259E-07
   170.0      0.1918E-07
   170.1      0.3181E-07
   170.2      0.4912E-07
   170.3      0.6918E-07
   170.4      0.8968E-07
   170.5      0.1082E-06
   170.6      0.1227E-06
   170.7      0.1312E-06
   170.8      0.1329E-06
   170.9      0.1274E-06
   171.0      0.1155E-06
   171.1      0.9849E-07
   171.2      0.7850E-07
   171.3      0.5799E-07
   171.4      0.3954E-07
   171.5      0.2551E-07
   171.6      0.1779E-07
   171.7      0.1753E-07
   171.8      0.2501E-07
   171.9      0.3959E-07
   172.0      0.5977E-07
   172.1      0.8335E-07
   172.2      0.1077E-06
   172.3      0.1300E-06
   172.4      0.1477E-06
   172.5      0.1588E-06
   172.6      0.1619E-06
   172.7      0.1568E-06
   172.8      0.1439E-06
   172.9      0.1248E-06
   173.0      0.1020E-06
   173.1      0.7820E-07
   173.2      0.5640E-07
   173.3      0.3944E-07
   173.4      0.2959E-07
   173.5      0.2835E-07
   173.6      0.3623E-07
   173.7      0.5265E-07
   173.8      0.7604E-07
   173.9      0.1040E-06
   174.0      0.1335E-06
   174.1      0.1613E-06
   174.2      0.1845E-06
   174.3      0.2003E-06
   174.4      0.2073E-06
   174.5      0.2046E-06
   174.6      0.1928E-06
   174.7      0.1733E-06
   174.8      0.1487E-06
   174.9      0.1221E-06
   175.0      0.9692E-07
   175.1      0.7636E-07
   175.2      0.6322E-07
   175.3      0.5947E-07
   175.4      0.6597E-07
   175.5      0.8241E-07
   175.6      0.1074E-06
   175.7      0.1384E-06
   175.8      0.1724E-06
   175.9      0.2059E-06
   176.0      0.2357E-06
   176.1      0.2589E-06
   176.2      0.2736E-06
   176.3      0.2790E-06
   176.4      0.2756E-06
   176.5      0.2650E-06
   176.6      0.2497E-06
   176.7      0.2331E-06
   176.8      0.2188E-06
   176.9      0.2102E-06
   177.0      0.2102E-06
   177.1      0.2204E-06
   177.2      0.2415E-06
   177.3      0.2723E-06
   177.4      0.3108E-06
   177.5      0.3533E-06
   177.6      0.3957E-06
   177.7      0.4335E-06
   177.8      0.4625E-06
   177.9      0.4791E-06
   178.0      0.4812E-06
   178.1      0.4683E-06
   178.2      0.4416E-06
   178.3      0.4042E-06
   178.4      0.3607E-06
   178.5      0.3170E-06
   178.6      0.2796E-06
   178.7      0.2547E-06
   178.8      0.2480E-06
   178.9      0.2638E-06
   179.0      0.3044E-06
   179.1      0.3697E-06
   179.2      0.4574E-06
   179.3      0.5629E-06
   179.4      0.6794E-06
   179.5      0.7989E-06
   179.6      0.9126E-06
   179.7      0.1012E-05
   179.8      0.1089E-05
   179.9      0.1138E-05
   180.0      0.1155E-05