#  Theta       sigma       iT11        T20         T21         T22         Kyy for projectile
   0.000      0.1215E-02
  0.1000      0.1219E-02
  0.2000      0.1234E-02
  0.3000      0.1272E-02
  0.4000      0.1349E-02
  0.5000      0.1488E-02
  0.6000      0.1713E-02
  0.7000      0.2049E-02
  0.8000      0.2519E-02
  0.9000      0.3142E-02
   1.000      0.3929E-02
   1.100      0.4884E-02
   1.200      0.6004E-02
   1.300      0.7272E-02
   1.400      0.8664E-02
   1.500      0.1015E-01
   1.600      0.1168E-01
   1.700      0.1323E-01
   1.800      0.1473E-01
   1.900      0.1615E-01
   2.000      0.1744E-01
   2.100      0.1855E-01
   2.200      0.1945E-01
   2.300      0.2013E-01
   2.400      0.2055E-01
   2.500      0.2072E-01
   2.600      0.2064E-01
   2.700      0.2032E-01
   2.800      0.1979E-01
   2.900      0.1906E-01
   3.000      0.1818E-01
   3.100      0.1717E-01
   3.200      0.1607E-01
   3.300      0.1492E-01
   3.400      0.1374E-01
   3.500      0.1256E-01
   3.600      0.1142E-01
   3.700      0.1032E-01
   3.800      0.9274E-02
   3.900      0.8301E-02
   4.000      0.7399E-02
   4.100      0.6570E-02
   4.200      0.5811E-02
   4.300      0.5119E-02
   4.400      0.4489E-02
   4.500      0.3915E-02
   4.600      0.3391E-02
   4.700      0.2914E-02
   4.800      0.2480E-02
   4.900      0.2085E-02
   5.000      0.1730E-02
   5.100      0.1411E-02
   5.200      0.1129E-02
   5.300      0.8833E-03
   5.400      0.6733E-03
   5.500      0.4980E-03
   5.600      0.3561E-03
   5.700      0.2456E-03
   5.800      0.1639E-03
   5.900      0.1078E-03
   6.000      0.7398E-04
   6.100      0.5865E-04
   6.200      0.5814E-04
   6.300      0.6894E-04
   6.400      0.8789E-04
   6.500      0.1123E-03
   6.600      0.1400E-03
   6.700      0.1696E-03
   6.800      0.1998E-03
   6.900      0.2303E-03
   7.000      0.2608E-03
   7.100      0.2912E-03
   7.200      0.3218E-03
   7.300      0.3527E-03
   7.400      0.3837E-03
   7.500      0.4147E-03
   7.600      0.4453E-03
   7.700      0.4749E-03
   7.800      0.5027E-03
   7.900      0.5277E-03
   8.000      0.5492E-03
   8.100      0.5662E-03
   8.200      0.5781E-03
   8.300      0.5843E-03
   8.400      0.5847E-03
   8.500      0.5792E-03
   8.600      0.5680E-03
   8.700      0.5518E-03
   8.800      0.5311E-03
   8.900      0.5067E-03
   9.000      0.4794E-03
   9.100      0.4501E-03
   9.200      0.4196E-03
   9.300      0.3885E-03
   9.400      0.3573E-03
   9.500      0.3265E-03
   9.600      0.2965E-03
   9.700      0.2673E-03
   9.800      0.2392E-03
   9.900      0.2122E-03
   10.00      0.1866E-03
   10.10      0.1624E-03
   10.20      0.1398E-03
   10.30      0.1189E-03
   10.40      0.1001E-03
   10.50      0.8362E-04
   10.60      0.6962E-04
   10.70      0.5833E-04
   10.80      0.4986E-04
   10.90      0.4425E-04
   11.00      0.4142E-04
   11.10      0.4117E-04
   11.20      0.4320E-04
   11.30      0.4711E-04
   11.40      0.5244E-04
   11.50      0.5868E-04
   11.60      0.6533E-04
   11.70      0.7194E-04
   11.80      0.7810E-04
   11.90      0.8351E-04
   12.00      0.8798E-04
   12.10      0.9143E-04
   12.20      0.9388E-04
   12.30      0.9546E-04
   12.40      0.9635E-04
   12.50      0.9679E-04
   12.60      0.9702E-04
   12.70      0.9727E-04
   12.80      0.9773E-04
   12.90      0.9852E-04
   13.00      0.9970E-04
   13.10      0.1012E-03
   13.20      0.1031E-03
   13.30      0.1051E-03
   13.40      0.1070E-03
   13.50      0.1088E-03
   13.60      0.1101E-03
   13.70      0.1109E-03
   13.80      0.1110E-03
   13.90      0.1102E-03
   14.00      0.1087E-03
   14.10      0.1064E-03
   14.20      0.1033E-03
   14.30      0.9958E-04
   14.40      0.9533E-04
   14.50      0.9067E-04
   14.60      0.8572E-04
   14.70      0.8059E-04
   14.80      0.7538E-04
   14.90      0.7016E-04
   15.00      0.6499E-04
   15.10      0.5991E-04
   15.20      0.5497E-04
   15.30      0.5019E-04
   15.40      0.4562E-04
   15.50      0.4131E-04
   15.60      0.3732E-04
   15.70      0.3371E-04
   15.80      0.3057E-04
   15.90      0.2796E-04
   16.00      0.2596E-04
   16.10      0.2461E-04
   16.20      0.2393E-04
   16.30      0.2393E-04
   16.40      0.2455E-04
   16.50      0.2573E-04
   16.60      0.2735E-04
   16.70      0.2928E-04
   16.80      0.3137E-04
   16.90      0.3345E-04
   17.00      0.3538E-04
   17.10      0.3702E-04
   17.20      0.3826E-04
   17.30      0.3903E-04
   17.40      0.3931E-04
   17.50      0.3911E-04
   17.60      0.3846E-04
   17.70      0.3746E-04
   17.80      0.3620E-04
   17.90      0.3479E-04
   18.00      0.3336E-04
   18.10      0.3201E-04
   18.20      0.3082E-04
   18.30      0.2987E-04
   18.40      0.2917E-04
   18.50      0.2874E-04
   18.60      0.2856E-04
   18.70      0.2858E-04
   18.80      0.2873E-04
   18.90      0.2896E-04
   19.00      0.2919E-04
   19.10      0.2936E-04
   19.20      0.2941E-04
   19.30      0.2932E-04
   19.40      0.2906E-04
   19.50      0.2862E-04
   19.60      0.2803E-04
   19.70      0.2728E-04
   19.80      0.2642E-04
   19.90      0.2548E-04
   20.00      0.2446E-04
   20.10      0.2341E-04
   20.20      0.2233E-04
   20.30      0.2123E-04
   20.40      0.2013E-04
   20.50      0.1901E-04
   20.60      0.1789E-04
   20.70      0.1677E-04
   20.80      0.1566E-04
   20.90      0.1458E-04
   21.00      0.1356E-04
   21.10      0.1261E-04
   21.20      0.1178E-04
   21.30      0.1110E-04
   21.40      0.1061E-04
   21.50      0.1031E-04
   21.60      0.1024E-04
   21.70      0.1039E-04
   21.80      0.1074E-04
   21.90      0.1126E-04
   22.00      0.1191E-04
   22.10      0.1264E-04
   22.20      0.1339E-04
   22.30      0.1409E-04
   22.40      0.1468E-04
   22.50      0.1512E-04
   22.60      0.1536E-04
   22.70      0.1539E-04
   22.80      0.1520E-04
   22.90      0.1481E-04
   23.00      0.1423E-04
   23.10      0.1352E-04
   23.20      0.1272E-04
   23.30      0.1189E-04
   23.40      0.1107E-04
   23.50      0.1031E-04
   23.60      0.9655E-05
   23.70      0.9118E-05
   23.80      0.8716E-05
   23.90      0.8445E-05
   24.00      0.8294E-05
   24.10      0.8241E-05
   24.20      0.8259E-05
   24.30      0.8317E-05
   24.40      0.8388E-05
   24.50      0.8446E-05
   24.60      0.8474E-05
   24.70      0.8459E-05
   24.80      0.8396E-05
   24.90      0.8287E-05
   25.00      0.8140E-05
   25.10      0.7962E-05
   25.20      0.7765E-05
   25.30      0.7559E-05
   25.40      0.7349E-05
   25.50      0.7140E-05
   25.60      0.6931E-05
   25.70      0.6719E-05
   25.80      0.6499E-05
   25.90      0.6264E-05
   26.00      0.6009E-05
   26.10      0.5732E-05
   26.20      0.5436E-05
   26.30      0.5125E-05
   26.40      0.4811E-05
   26.50      0.4509E-05
   26.60      0.4237E-05
   26.70      0.4012E-05
   26.80      0.3853E-05
   26.90      0.3772E-05
   27.00      0.3779E-05
   27.10      0.3876E-05
   27.20      0.4056E-05
   27.30      0.4305E-05
   27.40      0.4605E-05
   27.50      0.4930E-05
   27.60      0.5251E-05
   27.70      0.5541E-05
   27.80      0.5771E-05
   27.90      0.5922E-05
   28.00      0.5977E-05
   28.10      0.5929E-05
   28.20      0.5780E-05
   28.30      0.5538E-05
   28.40      0.5221E-05
   28.50      0.4850E-05
   28.60      0.4450E-05
   28.70      0.4046E-05
   28.80      0.3664E-05
   28.90      0.3321E-05
   29.00      0.3034E-05
   29.10      0.2811E-05
   29.20      0.2654E-05
   29.30      0.2557E-05
   29.40      0.2513E-05
   29.50      0.2509E-05
   29.60      0.2529E-05
   29.70      0.2560E-05
   29.80      0.2590E-05
   29.90      0.2608E-05
   30.00      0.2608E-05
   30.10      0.2589E-05
   30.20      0.2553E-05
   30.30      0.2502E-05
   30.40      0.2445E-05
   30.50      0.2386E-05
   30.60      0.2333E-05
   30.70      0.2289E-05
   30.80      0.2256E-05
   30.90      0.2233E-05
   31.00      0.2217E-05
   31.10      0.2202E-05
   31.20      0.2182E-05
   31.30      0.2150E-05
   31.40      0.2101E-05
   31.50      0.2032E-05
   31.60      0.1942E-05
   31.70      0.1834E-05
   31.80      0.1714E-05
   31.90      0.1591E-05
   32.00      0.1476E-05
   32.10      0.1380E-05
   32.20      0.1313E-05
   32.30      0.1283E-05
   32.40      0.1297E-05
   32.50      0.1356E-05
   32.60      0.1456E-05
   32.70      0.1590E-05
   32.80      0.1748E-05
   32.90      0.1915E-05
   33.00      0.2078E-05
   33.10      0.2220E-05
   33.20      0.2329E-05
   33.30      0.2394E-05
   33.40      0.2408E-05
   33.50      0.2369E-05
   33.60      0.2280E-05
   33.70      0.2146E-05
   33.80      0.1979E-05
   33.90      0.1791E-05
   34.00      0.1595E-05
   34.10      0.1405E-05
   34.20      0.1232E-05
   34.30      0.1086E-05
   34.40      0.9723E-06
   34.50      0.8928E-06
   34.60      0.8460E-06
   34.70      0.8274E-06
   34.80      0.8301E-06
   34.90      0.8460E-06
   35.00      0.8670E-06
   35.10      0.8856E-06
   35.20      0.8962E-06
   35.30      0.8954E-06
   35.40      0.8821E-06
   35.50      0.8580E-06
   35.60      0.8261E-06
   35.70      0.7913E-06
   35.80      0.7586E-06
   35.90      0.7328E-06
   36.00      0.7173E-06
   36.10      0.7141E-06
   36.20      0.7232E-06
   36.30      0.7424E-06
   36.40      0.7678E-06
   36.50      0.7943E-06
   36.60      0.8163E-06
   36.70      0.8285E-06
   36.80      0.8267E-06
   36.90      0.8082E-06
   37.00      0.7727E-06
   37.10      0.7222E-06
   37.20      0.6608E-06
   37.30      0.5944E-06
   37.40      0.5302E-06
   37.50      0.4755E-06
   37.60      0.4372E-06
   37.70      0.4207E-06
   37.80      0.4293E-06
   37.90      0.4638E-06
   38.00      0.5221E-06
   38.10      0.5998E-06
   38.20      0.6899E-06
   38.30      0.7844E-06
   38.40      0.8742E-06
   38.50      0.9508E-06
   38.60      0.1007E-05
   38.70      0.1037E-05
   38.80      0.1037E-05
   38.90      0.1009E-05
   39.00      0.9541E-06
   39.10      0.8774E-06
   39.20      0.7856E-06
   39.30      0.6867E-06
   39.40      0.5884E-06
   39.50      0.4982E-06
   39.60      0.4219E-06
   39.70      0.3636E-06
   39.80      0.3250E-06
   39.90      0.3056E-06
   40.00      0.3029E-06
   40.10      0.3126E-06
   40.20      0.3298E-06
   40.30      0.3490E-06
   40.40      0.3654E-06
   40.50      0.3751E-06
   40.60      0.3756E-06
   40.70      0.3662E-06
   40.80      0.3480E-06
   40.90      0.3234E-06
   41.00      0.2960E-06
   41.10      0.2696E-06
   41.20      0.2484E-06
   41.30      0.2354E-06
   41.40      0.2329E-06
   41.50      0.2415E-06
   41.60      0.2603E-06
   41.70      0.2869E-06
   41.80      0.3178E-06
   41.90      0.3485E-06
   42.00      0.3748E-06
   42.10      0.3925E-06
   42.20      0.3987E-06
   42.30      0.3916E-06
   42.40      0.3712E-06
   42.50      0.3393E-06
   42.60      0.2990E-06
   42.70      0.2548E-06
   42.80      0.2117E-06
   42.90      0.1748E-06
   43.00      0.1489E-06
   43.10      0.1373E-06
   43.20      0.1421E-06
   43.30      0.1635E-06
   43.40      0.1997E-06
   43.50      0.2476E-06
   43.60      0.3023E-06
   43.70      0.3585E-06
   43.80      0.4105E-06
   43.90      0.4529E-06
   44.00      0.4817E-06
   44.10      0.4938E-06
   44.20      0.4883E-06
   44.30      0.4658E-06
   44.40      0.4287E-06
   44.50      0.3809E-06
   44.60      0.3270E-06
   44.70      0.2721E-06
   44.80      0.2212E-06
   44.90      0.1783E-06
   45.00      0.1464E-06
   45.10      0.1271E-06
   45.20      0.1204E-06
   45.30      0.1247E-06
   45.40      0.1375E-06
   45.50      0.1551E-06
   45.60      0.1739E-06
   45.70      0.1901E-06
   45.80      0.2009E-06
   45.90      0.2042E-06
   46.00      0.1992E-06
   46.10      0.1864E-06
   46.20      0.1675E-06
   46.30      0.1452E-06
   46.40      0.1225E-06
   46.50      0.1027E-06
   46.60      0.8870E-07
   46.70      0.8272E-07
   46.80      0.8585E-07
   46.90      0.9803E-07
   47.00      0.1180E-06
   47.10      0.1434E-06
   47.20      0.1711E-06
   47.30      0.1977E-06
   47.40      0.2198E-06
   47.50      0.2344E-06
   47.60      0.2394E-06
   47.70      0.2339E-06
   47.80      0.2183E-06
   47.90      0.1941E-06
   48.00      0.1640E-06
   48.10      0.1315E-06
   48.20      0.1003E-06
   48.30      0.7402E-07
   48.40      0.5589E-07
   48.50      0.4814E-07
   48.60      0.5182E-07
   48.70      0.6670E-07
   48.80      0.9126E-07
   48.90      0.1228E-06
   49.00      0.1580E-06
   49.10      0.1930E-06
   49.20      0.2239E-06
   49.30      0.2474E-06
   49.40      0.2611E-06
   49.50      0.2635E-06
   49.60      0.2546E-06
   49.70      0.2354E-06
   49.80      0.2081E-06
   49.90      0.1759E-06
   50.00      0.1420E-06
   50.10      0.1100E-06
   50.20      0.8302E-07
   50.30      0.6336E-07
   50.40      0.5243E-07
   50.50      0.5051E-07
   50.60      0.5678E-07
   50.70      0.6948E-07
   50.80      0.8611E-07
   50.90      0.1038E-06
   51.00      0.1198E-06
   51.10      0.1316E-06
   51.20      0.1373E-06
   51.30      0.1362E-06
   51.40      0.1281E-06
   51.50      0.1143E-06
   51.60      0.9657E-07
   51.70      0.7726E-07
   51.80      0.5906E-07
   51.90      0.4450E-07
   52.00      0.3567E-07
   52.10      0.3393E-07
   52.20      0.3978E-07
   52.30      0.5270E-07
   52.40      0.7130E-07
   52.50      0.9342E-07
   52.60      0.1164E-06
   52.70      0.1376E-06
   52.80      0.1543E-06
   52.90      0.1644E-06
   53.00      0.1666E-06
   53.10      0.1607E-06
   53.20      0.1470E-06
   53.30      0.1273E-06
   53.40      0.1037E-06
   53.50      0.7891E-07
   53.60      0.5588E-07
   53.70      0.3724E-07
   53.80      0.2513E-07
   53.90      0.2091E-07
   54.00      0.2503E-07
   54.10      0.3694E-07
   54.20      0.5519E-07
   54.30      0.7760E-07
   54.40      0.1015E-06
   54.50      0.1241E-06
   54.60      0.1427E-06
   54.70      0.1553E-06
   54.80      0.1604E-06
   54.90      0.1575E-06
   55.00      0.1470E-06
   55.10      0.1302E-06
   55.20      0.1090E-06
   55.30      0.8599E-07
   55.40      0.6367E-07
   55.50      0.4448E-07
   55.60      0.3040E-07
   55.70      0.2273E-07
   55.80      0.2196E-07
   55.90      0.2772E-07
   56.00      0.3885E-07
   56.10      0.5355E-07
   56.20      0.6965E-07
   56.30      0.8485E-07
   56.40      0.9705E-07
   56.50      0.1046E-06
   56.60      0.1064E-06
   56.70      0.1023E-06
   56.80      0.9272E-07
   56.90      0.7903E-07
   57.00      0.6297E-07
   57.10      0.4668E-07
   57.20      0.3231E-07
   57.30      0.2180E-07
   57.40      0.1660E-07
   57.50      0.1751E-07
   57.60      0.2455E-07
   57.70      0.3700E-07
   57.80      0.5344E-07
   57.90      0.7195E-07
   58.00      0.9032E-07
   58.10      0.1064E-06
   58.20      0.1182E-06
   58.30      0.1243E-06
   58.40      0.1240E-06
   58.50      0.1172E-06
   58.60      0.1049E-06
   58.70      0.8829E-07
   58.80      0.6945E-07
   58.90      0.5056E-07
   59.00      0.3378E-07
   59.10      0.2105E-07
   59.20      0.1379E-07
   59.30      0.1274E-07
   59.40      0.1790E-07
   59.50      0.2855E-07
   59.60      0.4327E-07
   59.70      0.6022E-07
   59.80      0.7728E-07
   59.90      0.9234E-07
   60.00      0.1036E-06
   60.10      0.1096E-06
   60.20      0.1098E-06
   60.30      0.1040E-06
   60.40      0.9306E-07
   60.50      0.7827E-07
   60.60      0.6138E-07
   60.70      0.4439E-07
   60.80      0.2929E-07
   60.90      0.1777E-07
   61.00      0.1110E-07
   61.10      0.9897E-08
   61.20      0.1412E-07
   61.30      0.2307E-07
   61.40      0.3545E-07
   61.50      0.4959E-07
   61.60      0.6362E-07
   61.70      0.7571E-07
   61.80      0.8431E-07
   61.90      0.8834E-07
   62.00      0.8728E-07
   62.10      0.8130E-07
   62.20      0.7117E-07
   62.30      0.5820E-07
   62.40      0.4404E-07
   62.50      0.3052E-07
   62.60      0.1935E-07
   62.70      0.1198E-07
   62.80      0.9381E-08
   62.90      0.1193E-07
   63.00      0.1936E-07
   63.10      0.3081E-07
   63.20      0.4492E-07
   63.30      0.6001E-07
   63.40      0.7425E-07
   63.50      0.8594E-07
   63.60      0.9367E-07
   63.70      0.9652E-07
   63.80      0.9415E-07
   63.90      0.8685E-07
   64.00      0.7550E-07
   64.10      0.6147E-07
   64.20      0.4642E-07
   64.30      0.3212E-07
   64.40      0.2027E-07
   64.50      0.1220E-07
   64.60      0.8804E-08
   64.70      0.1040E-07
   64.80      0.1668E-07
   64.90      0.2678E-07
   65.00      0.3939E-07
   65.10      0.5287E-07
   65.20      0.6554E-07
   65.30      0.7579E-07
   65.40      0.8235E-07
   65.50      0.8440E-07
   65.60      0.8168E-07
   65.70      0.7453E-07
   65.80      0.6380E-07
   65.90      0.5082E-07
   66.00      0.3713E-07
   66.10      0.2438E-07
   66.20      0.1408E-07
   66.30      0.7428E-08
   66.40      0.5173E-08
   66.50      0.7513E-08
   66.60      0.1409E-07
   66.70      0.2401E-07
   66.80      0.3601E-07
   66.90      0.4857E-07
   67.00      0.6011E-07
   67.10      0.6920E-07
   67.20      0.7473E-07
   67.30      0.7602E-07
   67.40      0.7294E-07
   67.50      0.6591E-07
   67.60      0.5581E-07
   67.70      0.4391E-07
   67.80      0.3170E-07
   67.90      0.2069E-07
   68.00      0.1226E-07
   68.10      0.7424E-08
   68.20      0.6785E-08
   68.30      0.1041E-07
   68.40      0.1784E-07
   68.50      0.2816E-07
   68.60      0.4010E-07
   68.70      0.5217E-07
   68.80      0.6291E-07
   68.90      0.7100E-07
   69.00      0.7545E-07
   69.10      0.7574E-07
   69.20      0.7183E-07
   69.30      0.6421E-07
   69.40      0.5381E-07
   69.50      0.4190E-07
   69.60      0.2992E-07
   69.70      0.1930E-07
   69.80      0.1131E-07
   69.90      0.6878E-08
   70.00      0.6496E-08
   70.10      0.1015E-07
   70.20      0.1734E-07
   70.30      0.2712E-07
   70.40      0.3825E-07
   70.50      0.4934E-07
   70.60      0.5897E-07
   70.70      0.6597E-07
   70.80      0.6944E-07
   70.90      0.6897E-07
   71.00      0.6460E-07
   71.10      0.5686E-07
   71.20      0.4669E-07
   71.30      0.3534E-07
   71.40      0.2417E-07
   71.50      0.1453E-07
   71.60      0.7570E-08
   71.70      0.4109E-08
   71.80      0.4534E-08
   71.90      0.8756E-08
   72.00      0.1622E-07
   72.10      0.2600E-07
   72.20      0.3685E-07
   72.30      0.4746E-07
   72.40      0.5650E-07
   72.50      0.6290E-07
   72.60      0.6587E-07
   72.70      0.6508E-07
   72.80      0.6064E-07
   72.90      0.5313E-07
   73.00      0.4347E-07
   73.10      0.3287E-07
   73.20      0.2262E-07
   73.30      0.1396E-07
   73.40      0.7953E-08
   73.50      0.5288E-08
   73.60      0.6261E-08
   73.70      0.1071E-07
   73.80      0.1805E-07
   73.90      0.2734E-07
   74.00      0.3741E-07
   74.10      0.4698E-07
   74.20      0.5487E-07
   74.30      0.6009E-07
   74.40      0.6199E-07
   74.50      0.6034E-07
   74.60      0.5534E-07
   74.70      0.4761E-07
   74.80      0.3809E-07
   74.90      0.2796E-07
   75.00      0.1846E-07
   75.10      0.1073E-07
   75.20      0.5729E-08
   75.30      0.4042E-08
   75.40      0.5863E-08
   75.50      0.1095E-07
   75.60      0.1867E-07
   75.70      0.2805E-07
   75.80      0.3795E-07
   75.90      0.4713E-07
   76.00      0.5448E-07
   76.10      0.5909E-07
   76.20      0.6040E-07
   76.30      0.5827E-07
   76.40      0.5294E-07
   76.50      0.4509E-07
   76.60      0.3566E-07
   76.70      0.2580E-07
   76.80      0.1670E-07
   76.90      0.9466E-08
   77.00      0.4943E-08
   77.10      0.3659E-08
   77.20      0.5741E-08
   77.30      0.1090E-07
   77.40      0.1849E-07
   77.50      0.2754E-07
   77.60      0.3694E-07
   77.70      0.4553E-07
   77.80      0.5226E-07
   77.90      0.5631E-07
   78.00      0.5720E-07
   78.10      0.5483E-07
   78.20      0.4952E-07
   78.30      0.4192E-07
   78.40      0.3298E-07
   78.50      0.2379E-07
   78.60      0.1546E-07
   78.70      0.9012E-08
   78.80      0.5193E-08
   78.90      0.4444E-08
   79.00      0.6816E-08
   79.10      0.1197E-07
   79.20      0.1924E-07
   79.30      0.2769E-07
   79.40      0.3624E-07
   79.50      0.4381E-07
   79.60      0.4945E-07
   79.70      0.5245E-07
   79.80      0.5242E-07
   79.90      0.4936E-07
   80.00      0.4365E-07
   80.10      0.3598E-07
   80.20      0.2730E-07
   80.30      0.1868E-07
   80.40      0.1117E-07
   80.50      0.5691E-08
   80.60      0.2928E-08
   80.70      0.3215E-08
   80.80      0.6520E-08
   80.90      0.1244E-07
   81.00      0.2026E-07
   81.10      0.2902E-07
   81.20      0.3767E-07
   81.30      0.4516E-07
   81.40      0.5058E-07
   81.50      0.5330E-07
   81.60      0.5298E-07
   81.70      0.4969E-07
   81.80      0.4383E-07
   81.90      0.3614E-07
   82.00      0.2754E-07
   82.10      0.1908E-07
   82.20      0.1179E-07
   82.30      0.6522E-08
   82.40      0.3901E-08
   82.50      0.4212E-08
   82.60      0.7384E-08
   82.70      0.1299E-07
   82.80      0.2032E-07
   82.90      0.2844E-07
   83.00      0.3635E-07
   83.10      0.4305E-07
   83.20      0.4772E-07
   83.30      0.4979E-07
   83.40      0.4901E-07
   83.50      0.4548E-07
   83.60      0.3965E-07
   83.70      0.3223E-07
   83.80      0.2414E-07
   83.90      0.1637E-07
   84.00      0.9872E-08
   84.10      0.5423E-08
   84.20      0.3553E-08
   84.30      0.4471E-08
   84.40      0.8038E-08
   84.50      0.1379E-07
   84.60      0.2099E-07
   84.70      0.2874E-07
   84.80      0.3605E-07
   84.90      0.4202E-07
   85.00      0.4589E-07
   85.10      0.4718E-07
   85.20      0.4573E-07
   85.30      0.4169E-07
   85.40      0.3558E-07
   85.50      0.2813E-07
   85.60      0.2026E-07
   85.70      0.1293E-07
   85.80      0.7048E-08
   85.90      0.3324E-08
   86.00      0.2219E-08
   86.10      0.3869E-08
   86.20      0.8073E-08
   86.30      0.1432E-07
   86.40      0.2186E-07
   86.50      0.2976E-07
   86.60      0.3709E-07
   86.70      0.4295E-07
   86.80      0.4664E-07
   86.90      0.4773E-07
   87.00      0.4610E-07
   87.10      0.4197E-07
   87.20      0.3584E-07
   87.30      0.2848E-07
   87.40      0.2079E-07
   87.50      0.1368E-07
   87.60      0.8031E-08
   87.70      0.4496E-08
   87.80      0.3484E-08
   87.90      0.5087E-08
   88.00      0.9076E-08
   88.10      0.1493E-07
   88.20      0.2190E-07
   88.30      0.2910E-07
   88.40      0.3563E-07
   88.50      0.4068E-07
   88.60      0.4361E-07
   88.70      0.4406E-07
   88.80      0.4197E-07
   88.90      0.3761E-07
   89.00      0.3150E-07
   89.10      0.2441E-07
   89.20      0.1721E-07
   89.30      0.1078E-07
   89.40      0.5905E-08
   89.50      0.3186E-08
   89.60      0.2947E-08
   89.70      0.5211E-08
   89.80      0.9690E-08
   89.90      0.1583E-07
   90.00      0.2286E-07
   90.10      0.2992E-07
   90.20      0.3613E-07
   90.30      0.4073E-07
   90.40      0.4315E-07
   90.50      0.4310E-07
   90.60      0.4058E-07
   90.70      0.3589E-07
   90.80      0.2962E-07
   90.90      0.2254E-07
   91.00      0.1549E-07
   91.10      0.9359E-08
   91.20      0.4875E-08
   91.30      0.2586E-08
   91.40      0.2763E-08
   91.50      0.5379E-08
   91.60      0.1010E-07
   91.70      0.1636E-07
   91.80      0.2337E-07
   91.90      0.3028E-07
   92.00      0.3625E-07
   92.10      0.4056E-07
   92.20      0.4267E-07
   92.30      0.4235E-07
   92.40      0.3965E-07
   92.50      0.3489E-07
   92.60      0.2868E-07
   92.70      0.2177E-07
   92.80      0.1500E-07
   92.90      0.9211E-08
   93.00      0.5082E-08
   93.10      0.3109E-08
   93.20      0.3511E-08
   93.30      0.6217E-08
   93.40      0.1087E-07
   93.50      0.1688E-07
   93.60      0.2348E-07
   93.70      0.2985E-07
   93.80      0.3519E-07
   93.90      0.3883E-07
   94.00      0.4033E-07
   94.10      0.3948E-07
   94.20      0.3640E-07
   94.30      0.3147E-07
   94.40      0.2528E-07
   94.50      0.1861E-07
   94.60      0.1227E-07
   94.70      0.7038E-08
   94.80      0.3564E-08
   94.90      0.2269E-08
   95.00      0.3312E-08
   95.10      0.6562E-08
   95.20      0.1162E-07
   95.30      0.1787E-07
   95.40      0.2453E-07
   95.50      0.3080E-07
   95.60      0.3592E-07
   95.70      0.3924E-07
   95.80      0.4038E-07
   95.90      0.3920E-07
   96.00      0.3585E-07
   96.10      0.3074E-07
   96.20      0.2450E-07
   96.30      0.1789E-07
   96.40      0.1173E-07
   96.50      0.6752E-08
   96.60      0.3567E-08
   96.70      0.2554E-08
   96.80      0.3823E-08
   96.90      0.7207E-08
   97.00      0.1228E-07
   97.10      0.1841E-07
   97.20      0.2483E-07
   97.30      0.3075E-07
   97.40      0.3545E-07
   97.50      0.3833E-07
   97.60      0.3906E-07
   97.70      0.3755E-07
   97.80      0.3398E-07
   97.90      0.2879E-07
   98.00      0.2262E-07
   98.10      0.1623E-07
   98.20      0.1040E-07
   98.30      0.5836E-08
   98.40      0.3095E-08
   98.50      0.2502E-08
   98.60      0.4118E-08
   98.70      0.7733E-08
   98.80      0.1289E-07
   98.90      0.1895E-07
   99.00      0.2515E-07
   99.10      0.3074E-07
   99.20      0.3501E-07
   99.30      0.3744E-07
   99.40      0.3773E-07
   99.50      0.3584E-07
   99.60      0.3201E-07
   99.70      0.2672E-07
   99.80      0.2060E-07
   99.90      0.1441E-07
   100.0      0.8920E-08
   100.1      0.4790E-08
   100.2      0.2529E-08
   100.3      0.2410E-08
   100.4      0.4446E-08
   100.5      0.8384E-08
   100.6      0.1374E-07
   100.7      0.1985E-07
   100.8      0.2596E-07
   100.9      0.3134E-07
   101.0      0.3531E-07
   101.1      0.3740E-07
   101.2      0.3736E-07
   101.3      0.3518E-07
   101.4      0.3115E-07
   101.5      0.2576E-07
   101.6      0.1967E-07
   101.7      0.1364E-07
   101.8      0.8384E-08
   101.9      0.4557E-08
   102.0      0.2618E-08
   102.1      0.2796E-08
   102.2      0.5060E-08
   102.3      0.9120E-08
   102.4      0.1447E-07
   102.5      0.2045E-07
   102.6      0.2630E-07
   102.7      0.3132E-07
   102.8      0.3488E-07
   102.9      0.3654E-07
   103.0      0.3610E-07
   103.1      0.3361E-07
   103.2      0.2937E-07
   103.3      0.2392E-07
   103.4      0.1791E-07
   103.5      0.1208E-07
   103.6      0.7155E-08
   103.7      0.3724E-08
   103.8      0.2208E-08
   103.9      0.2786E-08
   104.0      0.5383E-08
   104.1      0.9673E-08
   104.2      0.1513E-07
   104.3      0.2107E-07
   104.4      0.2677E-07
   104.5      0.3152E-07
   104.6      0.3475E-07
   104.7      0.3605E-07
   104.8      0.3528E-07
   104.9      0.3252E-07
   105.0      0.2812E-07
   105.1      0.2263E-07
   105.2      0.1670E-07
   105.3      0.1109E-07
   105.4      0.6462E-08
   105.5      0.3393E-08
   105.6      0.2255E-08
   105.7      0.3182E-08
   105.8      0.6054E-08
   105.9      0.1051E-07
   106.0      0.1601E-07
   106.1      0.2186E-07
   106.2      0.2735E-07
   106.3      0.3180E-07
   106.4      0.3466E-07
   106.5      0.3558E-07
   106.6      0.3445E-07
   106.7      0.3140E-07
   106.8      0.2682E-07
   106.9      0.2127E-07
   107.0      0.1542E-07
   107.1      0.9991E-08
   107.2      0.5652E-08
   107.3      0.2929E-08
   107.4      0.2152E-08
   107.5      0.3413E-08
   107.6      0.6550E-08
   107.7      0.1117E-07
   107.8      0.1672E-07
   107.9      0.2249E-07
   108.0      0.2778E-07
   108.1      0.3194E-07
   108.2      0.3447E-07
   108.3      0.3504E-07
   108.4      0.3359E-07
   108.5      0.3031E-07
   108.6      0.2559E-07
   108.7      0.2001E-07
   108.8      0.1427E-07
   108.9      0.9056E-08
   109.0      0.5018E-08
   109.1      0.2645E-08
   109.2      0.2226E-08
   109.3      0.3807E-08
   109.4      0.7191E-08
   109.5      0.1196E-07
   109.6      0.1752E-07
   109.7      0.2319E-07
   109.8      0.2826E-07
   109.9      0.3213E-07
   110.0      0.3431E-07
   110.1      0.3453E-07
   110.2      0.3277E-07
   110.3      0.2925E-07
   110.4      0.2439E-07
   110.5      0.1881E-07
   110.6      0.1318E-07
   110.7      0.8197E-08
   110.8      0.4469E-08
   110.9      0.2453E-08
   111.0      0.2395E-08
   111.1      0.4297E-08
   111.2      0.7924E-08
   111.3      0.1283E-07
   111.4      0.1840E-07
   111.5      0.2395E-07
   111.6      0.2881E-07
   111.7      0.3236E-07
   111.8      0.3418E-07
   111.9      0.3404E-07
   112.0      0.3196E-07
   112.1      0.2818E-07
   112.2      0.2318E-07
   112.3      0.1757E-07
   112.4      0.1204E-07
   112.5      0.7263E-08
   112.6      0.3822E-08
   112.7      0.2142E-08
   112.8      0.2424E-08
   112.9      0.4632E-08
   113.0      0.8491E-08
   113.1      0.1353E-07
   113.2      0.1912E-07
   113.3      0.2458E-07
   113.4      0.2924E-07
   113.5      0.3252E-07
   113.6      0.3403E-07
   113.7      0.3358E-07
   113.8      0.3122E-07
   113.9      0.2726E-07
   114.0      0.2217E-07
   114.1      0.1659E-07
   114.2      0.1119E-07
   114.3      0.6652E-08
   114.4      0.3519E-08
   114.5      0.2179E-08
   114.6      0.2794E-08
   114.7      0.5286E-08
   114.8      0.9347E-08
   114.9      0.1447E-07
   115.0      0.2004E-07
   115.1      0.2535E-07
   115.2      0.2976E-07
   115.3      0.3272E-07
   115.4      0.3386E-07
   115.5      0.3306E-07
   115.6      0.3040E-07
   115.7      0.2621E-07
   115.8      0.2101E-07
   115.9      0.1543E-07
   116.0      0.1016E-07
   116.1      0.5854E-08
   116.2      0.3030E-08
   116.3      0.2038E-08
   116.4      0.2999E-08
   116.5      0.5794E-08
   116.6      0.1008E-07
   116.7      0.1532E-07
   116.8      0.2089E-07
   116.9      0.2609E-07
   117.0      0.3028E-07
   117.1      0.3295E-07
   117.2      0.3378E-07
   117.3      0.3266E-07
   117.4      0.2972E-07
   117.5      0.2534E-07
   117.6      0.2005E-07
   117.7      0.1450E-07
   117.8      0.9364E-08
   117.9      0.5284E-08
   118.0      0.2757E-08
   118.1      0.2091E-08
   118.2      0.3368E-08
   118.3      0.6430E-08
   118.4      0.1090E-07
   118.5      0.1623E-07
   118.6      0.2176E-07
   118.7      0.2681E-07
   118.8      0.3076E-07
   118.9      0.3313E-07
   119.0      0.3362E-07
   119.1      0.3217E-07
   119.2      0.2897E-07
   119.3      0.2441E-07
   119.4      0.1904E-07
   119.5      0.1352E-07
   119.6      0.8547E-08
   119.7      0.4716E-08
   119.8      0.2503E-08
   119.9      0.2179E-08
   120.0      0.3784E-08
   120.1      0.7121E-08
   120.2      0.1178E-07
   120.3      0.1719E-07
   120.4      0.2268E-07
   120.5      0.2759E-07
   120.6      0.3130E-07
   120.7      0.3336E-07
   120.8      0.3351E-07
   120.9      0.3175E-07
   121.0      0.2828E-07
   121.1      0.2353E-07
   121.2      0.1809E-07
   121.3      0.1262E-07
   121.4      0.7795E-08
   121.5      0.4211E-08
   121.6      0.2306E-08
   121.7      0.2316E-08
   121.8      0.4239E-08
   121.9      0.7840E-08
   122.0      0.1268E-07
   122.1      0.1815E-07
   122.2      0.2360E-07
   122.3      0.2834E-07
   122.4      0.3180E-07
   122.5      0.3355E-07
   122.6      0.3338E-07
   122.7      0.3130E-07
   122.8      0.2757E-07
   122.9      0.2265E-07
   123.0      0.1714E-07
   123.1      0.1173E-07
   123.2      0.7069E-08
   123.3      0.3741E-08
   123.4      0.2153E-08
   123.5      0.2503E-08
   123.6      0.4748E-08
   123.7      0.8614E-08
   123.8      0.1363E-07
   123.9      0.1918E-07
   124.0      0.2458E-07
   124.1      0.2917E-07
   124.2      0.3238E-07
   124.3      0.3383E-07
   124.4      0.3334E-07
   124.5      0.3095E-07
   124.6      0.2698E-07
   124.7      0.2191E-07
   124.8      0.1635E-07
   124.9      0.1100E-07
   125.0      0.6520E-08
   125.1      0.3451E-08
   125.2      0.2177E-08
   125.3      0.2855E-08
   125.4      0.5404E-08
   125.5      0.9512E-08
   125.6      0.1467E-07
   125.7      0.2026E-07
   125.8      0.2557E-07
   125.9      0.2997E-07
   126.0      0.3291E-07
   126.1      0.3402E-07
   126.2      0.3317E-07
   126.3      0.3047E-07
   126.4      0.2624E-07
   126.5      0.2100E-07
   126.6      0.1540E-07
   126.7      0.1012E-07
   126.8      0.5822E-08
   126.9      0.3029E-08
   127.0      0.2089E-08
   127.1      0.3120E-08
   127.2      0.5997E-08
   127.3      0.1037E-07
   127.4      0.1571E-07
   127.5      0.2135E-07
   127.6      0.2661E-07
   127.7      0.3084E-07
   127.8      0.3352E-07
   127.9      0.3432E-07
   128.0      0.3315E-07
   128.1      0.3014E-07
   128.2      0.2567E-07
   128.3      0.2028E-07
   128.4      0.1465E-07
   128.5      0.9454E-08
   128.6      0.5345E-08
   128.7      0.2827E-08
   128.8      0.2212E-08
   128.9      0.3580E-08
   129.0      0.6765E-08
   129.1      0.1138E-07
   129.2      0.1686E-07
   129.3      0.2252E-07
   129.4      0.2769E-07
   129.5      0.3172E-07
   129.6      0.3411E-07
   129.7      0.3458E-07
   129.8      0.3306E-07
   129.9      0.2973E-07
   130.0      0.2502E-07
   130.1      0.1949E-07
   130.2      0.1383E-07
   130.3      0.8734E-08
   130.4      0.4834E-08
   130.5      0.2612E-08
   130.6      0.2346E-08
   130.7      0.4073E-08
   130.8      0.7586E-08
   130.9      0.1246E-07
   131.0      0.1809E-07
   131.1      0.2379E-07
   131.2      0.2887E-07
   131.3      0.3270E-07
   131.4      0.3480E-07
   131.5      0.3492E-07
   131.6      0.3304E-07
   131.7      0.2939E-07
   131.8      0.2441E-07
   131.9      0.1873E-07
   132.0      0.1303E-07
   132.1      0.8017E-08
   132.2      0.4312E-08
   132.3      0.2374E-08
   132.4      0.2445E-08
   132.5      0.4520E-08
   132.6      0.8350E-08
   132.7      0.1347E-07
   132.8      0.1925E-07
   132.9      0.2499E-07
   133.0      0.2998E-07
   133.1      0.3360E-07
   133.2      0.3542E-07
   133.3      0.3521E-07
   133.4      0.3299E-07
   133.5      0.2904E-07
   133.6      0.2384E-07
   133.7      0.1803E-07
   133.8      0.1232E-07
   133.9      0.7429E-08
   134.0      0.3954E-08
   134.1      0.2329E-08
   134.2      0.2760E-08
   134.3      0.5202E-08
   134.4      0.9361E-08
   134.5      0.1473E-07
   134.6      0.2066E-07
   134.7      0.2642E-07
   134.8      0.3130E-07
   134.9      0.3471E-07
   135.0      0.3622E-07
   135.1      0.3565E-07
   135.2      0.3307E-07
   135.3      0.2879E-07
   135.4      0.2333E-07
   135.5      0.1737E-07
   135.6      0.1164E-07
   135.7      0.6846E-08
   135.8      0.3581E-08
   135.9      0.2253E-08
   136.0      0.3031E-08
   136.1      0.5824E-08
   136.2      0.1030E-07
   136.3      0.1590E-07
   136.4      0.2196E-07
   136.5      0.2773E-07
   136.6      0.3249E-07
   136.7      0.3568E-07
   136.8      0.3688E-07
   136.9      0.3596E-07
   137.0      0.3302E-07
   137.1      0.2842E-07
   137.2      0.2274E-07
   137.3      0.1666E-07
   137.4      0.1094E-07
   137.5      0.6285E-08
   137.6      0.3273E-08
   137.7      0.2281E-08
   137.8      0.3441E-08
   137.9      0.6616E-08
   138.0      0.1143E-07
   138.1      0.1729E-07
   138.2      0.2348E-07
   138.3      0.2925E-07
   138.4      0.3389E-07
   138.5      0.3683E-07
   138.6      0.3771E-07
   138.7      0.3641E-07
   138.8      0.3309E-07
   138.9      0.2817E-07
   139.0      0.2224E-07
   139.1      0.1603E-07
   139.2      0.1031E-07
   139.3      0.5796E-08
   139.4      0.3039E-08
   139.5      0.2389E-08
   139.6      0.3937E-08
   139.7      0.7503E-08
   139.8      0.1266E-07
   139.9      0.1877E-07
   140.0      0.2511E-07
   140.1      0.3088E-07
   140.2      0.3540E-07
   140.3      0.3809E-07
   140.4      0.3864E-07
   140.5      0.3696E-07
   140.6      0.3327E-07
   140.7      0.2802E-07
   140.8      0.2185E-07
   140.9      0.1552E-07
   141.0      0.9824E-08
   141.1      0.5458E-08
   141.2      0.2969E-08
   141.3      0.2674E-08
   141.4      0.4619E-08
   141.5      0.8575E-08
   141.6      0.1407E-07
   141.7      0.2042E-07
   141.8      0.2687E-07
   141.9      0.3262E-07
   142.0      0.3697E-07
   142.1      0.3937E-07
   142.2      0.3954E-07
   142.3      0.3744E-07
   142.4      0.3334E-07
   142.5      0.2773E-07
   142.6      0.2130E-07
   142.7      0.1485E-07
   142.8      0.9168E-08
   142.9      0.4969E-08
   143.0      0.2775E-08
   143.1      0.2868E-08
   143.2      0.5250E-08
   143.3      0.9639E-08
   143.4      0.1551E-07
   143.5      0.2215E-07
   143.6      0.2874E-07
   143.7      0.3449E-07
   143.8      0.3869E-07
   143.9      0.4081E-07
   144.0      0.4060E-07
   144.1      0.3808E-07
   144.2      0.3356E-07
   144.3      0.2758E-07
   144.4      0.2088E-07
   144.5      0.1430E-07
   144.6      0.8637E-08
   144.7      0.4606E-08
   144.8      0.2711E-08
   144.9      0.3200E-08
   145.0      0.6026E-08
   145.1      0.1086E-07
   145.2      0.1711E-07
   145.3      0.2403E-07
   145.4      0.3077E-07
   145.5      0.3651E-07
   145.6      0.4055E-07
   145.7      0.4238E-07
   145.8      0.4178E-07
   145.9      0.3882E-07
   146.0      0.3386E-07
   146.1      0.2751E-07
   146.2      0.2054E-07
   146.3      0.1383E-07
   146.4      0.8196E-08
   146.5      0.4350E-08
   146.6      0.2776E-08
   146.7      0.3683E-08
   146.8      0.6977E-08
   146.9      0.1227E-07
   147.0      0.1892E-07
   147.1      0.2612E-07
   147.2      0.3301E-07
   147.3      0.3872E-07
   147.4      0.4257E-07
   147.5      0.4408E-07
   147.6      0.4305E-07
   147.7      0.3962E-07
   147.8      0.3418E-07
   147.9      0.2742E-07
   148.0      0.2016E-07
   148.1      0.1330E-07
   148.2      0.7694E-08
   148.3      0.4036E-08
   148.4      0.2794E-08
   148.5      0.4139E-08
   148.6      0.7921E-08
   148.7      0.1370E-07
   148.8      0.2077E-07
   148.9      0.2828E-07
   149.0      0.3531E-07
   149.1      0.4101E-07
   149.2      0.4468E-07
   149.3      0.4585E-07
   149.4      0.4440E-07
   149.5      0.4048E-07
   149.6      0.3458E-07
   149.7      0.2742E-07
   149.8      0.1989E-07
   149.9      0.1291E-07
   150.0      0.7371E-08
   150.1      0.3957E-08
   150.2      0.3109E-08
   150.3      0.4956E-08
   150.4      0.9291E-08
   150.5      0.1560E-07
   150.6      0.2313E-07
   150.7      0.3097E-07
   150.8      0.3817E-07
   150.9      0.4383E-07
   151.0      0.4727E-07
   151.1      0.4806E-07
   151.2      0.4610E-07
   151.3      0.4161E-07
   151.4      0.3515E-07
   151.5      0.2751E-07
   151.6      0.1962E-07
   151.7      0.1247E-07
   151.8      0.6946E-08
   151.9      0.3741E-08
   152.0      0.3273E-08
   152.1      0.5623E-08
   152.2      0.1053E-07
   152.3      0.1740E-07
   152.4      0.2542E-07
   152.5      0.3362E-07
   152.6      0.4100E-07
   152.7      0.4666E-07
   152.8      0.4989E-07
   152.9      0.5031E-07
   153.0      0.4785E-07
   153.1      0.4280E-07
   153.2      0.3580E-07
   153.3      0.2769E-07
   153.4      0.1948E-07
   153.5      0.1219E-07
   153.6      0.6730E-08
   153.7      0.3802E-08
   153.8      0.3789E-08
   153.9      0.6723E-08
   154.0      0.1227E-07
   154.1      0.1978E-07
   154.2      0.2836E-07
   154.3      0.3695E-07
   154.4      0.4453E-07
   154.5      0.5016E-07
   154.6      0.5315E-07
   154.7      0.5313E-07
   154.8      0.5008E-07
   154.9      0.4438E-07
   155.0      0.3672E-07
   155.1      0.2804E-07
   155.2      0.1941E-07
   155.3      0.1190E-07
   155.4      0.6452E-08
   155.5      0.3763E-08
   155.6      0.4190E-08
   155.7      0.7713E-08
   155.8      0.1393E-07
   155.9      0.2211E-07
   156.0      0.3127E-07
   156.1      0.4030E-07
   156.2      0.4811E-07
   156.3      0.5374E-07
   156.4      0.5649E-07
   156.5      0.5603E-07
   156.6      0.5240E-07
   156.7      0.4604E-07
   156.8      0.3773E-07
   156.9      0.2849E-07
   157.0      0.1947E-07
   157.1      0.1180E-07
   157.2      0.6438E-08
   157.3      0.4085E-08
   157.4      0.5068E-08
   157.5      0.9307E-08
   157.6      0.1632E-07
   157.7      0.2529E-07
   157.8      0.3513E-07
   157.9      0.4466E-07
   158.0      0.5273E-07
   158.1      0.5835E-07
   158.2      0.6081E-07
   158.3      0.5982E-07
   158.4      0.5547E-07
   158.5      0.4830E-07
   158.6      0.3917E-07
   158.7      0.2921E-07
   158.8      0.1965E-07
   158.9      0.1169E-07
   159.0      0.6320E-08
   159.1      0.4250E-08
   159.2      0.5773E-08
   159.3      0.1075E-07
   159.4      0.1861E-07
   159.5      0.2843E-07
   159.6      0.3904E-07
   159.7      0.4916E-07
   159.8      0.5756E-07
   159.9      0.6322E-07
   160.0      0.6542E-07
   160.1      0.6390E-07
   160.2      0.5883E-07
   160.3      0.5081E-07
   160.4      0.4084E-07
   160.5      0.3014E-07
   160.6      0.2003E-07
   160.7      0.1179E-07
   160.8      0.6466E-08
   160.9      0.4762E-08
   161.0      0.6940E-08
   161.1      0.1279E-07
   161.2      0.2165E-07
   161.3      0.3249E-07
   161.4      0.4400E-07
   161.5      0.5482E-07
   161.6      0.6362E-07
   161.7      0.6933E-07
   161.8      0.7124E-07
   161.9      0.6910E-07
   162.0      0.6317E-07
   162.1      0.5416E-07
   162.2      0.4316E-07
   162.3      0.3153E-07
   162.4      0.2072E-07
   162.5      0.1208E-07
   162.6      0.6727E-08
   162.7      0.5371E-08
   162.8      0.8245E-08
   162.9      0.1506E-07
   163.0      0.2506E-07
   163.1      0.3706E-07
   163.2      0.4964E-07
   163.3      0.6130E-07
   163.4      0.7061E-07
   163.5      0.7645E-07
   163.6      0.7809E-07
   163.7      0.7531E-07
   163.8      0.6844E-07
   163.9      0.5830E-07
   164.0      0.4614E-07
   164.1      0.3345E-07
   164.2      0.2183E-07
   164.3      0.1273E-07
   164.4      0.7343E-08
   164.5      0.6397E-08
   164.6      0.1010E-07
   164.7      0.1807E-07
   164.8      0.2943E-07
   164.9      0.4286E-07
   165.0      0.5677E-07
   165.1      0.6950E-07
   165.2      0.7951E-07
   165.3      0.8558E-07
   165.4      0.8695E-07
   165.5      0.8345E-07
   165.6      0.7547E-07
   165.7      0.6398E-07
   165.8      0.5037E-07
   165.9      0.3634E-07
   166.0      0.2361E-07
   166.1      0.1382E-07
   166.2      0.8234E-08
   166.3      0.7626E-08
   166.4      0.1218E-07
   166.5      0.2143E-07
   166.6      0.3437E-07
   166.7      0.4950E-07
   166.8      0.6503E-07
   166.9      0.7912E-07
   167.0      0.9008E-07
   167.1      0.9658E-07
   167.2      0.9779E-07
   167.3      0.9357E-07
   167.4      0.8439E-07
   167.5      0.7138E-07
   167.6      0.5610E-07
   167.7      0.4047E-07
   167.8      0.2643E-07
   167.9      0.1577E-07
   168.0      0.9913E-08
   168.1      0.9688E-08
   168.2      0.1527E-07
   168.3      0.2611E-07
   168.4      0.4103E-07
   168.5      0.5833E-07
   168.6      0.7600E-07
   168.7      0.9195E-07
   168.8      0.1043E-06
   168.9      0.1115E-06
   169.0      0.1127E-06
   169.1      0.1077E-06
   169.2      0.9716E-07
   169.3      0.8226E-07
   169.4      0.6484E-07
   169.5      0.4705E-07
   169.6      0.3113E-07
   169.7      0.1910E-07
   169.8      0.1258E-07
   169.9      0.1251E-07
   170.0      0.1909E-07
   170.1      0.3171E-07
   170.2      0.4901E-07
   170.3      0.6906E-07
   170.4      0.8956E-07
   170.5      0.1081E-06
   170.6      0.1225E-06
   170.7      0.1311E-06
   170.8      0.1328E-06
   170.9      0.1273E-06
   171.0      0.1154E-06
   171.1      0.9841E-07
   171.2      0.7844E-07
   171.3      0.5796E-07
   171.4      0.3953E-07
   171.5      0.2552E-07
   171.6      0.1783E-07
   171.7      0.1759E-07
   171.8      0.2510E-07
   171.9      0.3970E-07
   172.0      0.5990E-07
   172.1      0.8350E-07
   172.2      0.1079E-06
   172.3      0.1302E-06
   172.4      0.1479E-06
   172.5      0.1590E-06
   172.6      0.1621E-06
   172.7      0.1569E-06
   172.8      0.1440E-06
   172.9      0.1249E-06
   173.0      0.1021E-06
   173.1      0.7823E-07
   173.2      0.5639E-07
   173.3      0.3938E-07
   173.4      0.2949E-07
   173.5      0.2821E-07
   173.6      0.3605E-07
   173.7      0.5243E-07
   173.8      0.7579E-07
   173.9      0.1037E-06
   174.0      0.1332E-06
   174.1      0.1610E-06
   174.2      0.1841E-06
   174.3      0.2000E-06
   174.4      0.2070E-06
   174.5      0.2044E-06
   174.6      0.1925E-06
   174.7      0.1731E-06
   174.8      0.1486E-06
   174.9      0.1220E-06
   175.0      0.9687E-07
   175.1      0.7635E-07
   175.2      0.6328E-07
   175.3      0.5957E-07
   175.4      0.6612E-07
   175.5      0.8260E-07
   175.6      0.1076E-06
   175.7      0.1386E-06
   175.8      0.1726E-06
   175.9      0.2062E-06
   176.0      0.2360E-06
   176.1      0.2592E-06
   176.2      0.2739E-06
   176.3      0.2793E-06
   176.4      0.2758E-06
   176.5      0.2651E-06
   176.6      0.2498E-06
   176.7      0.2331E-06
   176.8      0.2188E-06
   176.9      0.2102E-06
   177.0      0.2101E-06
   177.1      0.2203E-06
   177.2      0.2412E-06
   177.3      0.2721E-06
   177.4      0.3104E-06
   177.5      0.3529E-06
   177.6      0.3954E-06
   177.7      0.4332E-06
   177.8      0.4621E-06
   177.9      0.4787E-06
   178.0      0.4809E-06
   178.1      0.4680E-06
   178.2      0.4413E-06
   178.3      0.4039E-06
   178.4      0.3605E-06
   178.5      0.3169E-06
   178.6      0.2795E-06
   178.7      0.2547E-06
   178.8      0.2481E-06
   178.9      0.2640E-06
   179.0      0.3047E-06
   179.1      0.3701E-06
   179.2      0.4579E-06
   179.3      0.5634E-06
   179.4      0.6799E-06
   179.5      0.7995E-06
   179.6      0.9133E-06
   179.7      0.1013E-05
   179.8      0.1090E-05
   179.9      0.1139E-05
   180.0      0.1156E-05
